4.193
4.183
4.182
4.177
4.169
4.162
4.154
4.143
4.153
4.161
4.155
4.138
4.125
4.133
4.14
4.15
4.142
4.144
4.14
4.134
4.138
4.125
4.131
4.131
4.137
4.123
4.126
4.131
4.13
4.128
4.127
4.119
4.112
4.107
4.103
4.093
4.089
4.094
4.115
4.122
4.12
4.116
4.116
4.129
4.13
4.128
4.129
4.132
4.132
4.131
4.131
4.119
4.127
4.126
4.134
4.131
4.127
4.134
4.14
4.136
4.141
4.135
4.135
4.14
4.134
4.132
4.126
4.11
4.106
4.112
4.123
4.126
4.141
4.139
4.137
4.135
4.13
4.135
4.138
4.134
4.136
4.131
4.134
4.133
4.132
4.138
4.139
4.135
4.142
4.144
4.138
4.137
4.145
4.144
4.136
4.133
4.135
4.129
4.125
4.124
4.124
4.132
4.13
4.123
4.124
4.12
4.12
4.099
4.078
4.069
4.069
4.067
4.075
4.087
4.096
4.09
4.096
4.1
4.1
4.111
4.113
4.119
4.113
4.111
4.107
4.11
4.1
4.112
4.118
4.124
4.119
4.139
4.126
4.129
4.129
4.126
4.128
4.126
4.133
4.128
4.123
4.123
4.122
4.115
4.108
4.116
4.121
4.117
4.12
4.119
4.126
4.131
4.128
4.123
4.117
4.12
4.117
4.111
4.115
4.11
4.104
4.106
4.096
4.092
4.095
4.099
4.107
4.113
4.13
4.137
4.138
4.142
4.139
4.145
4.141
4.142
4.15
4.146
4.144
4.146
4.152
4.15
4.146
4.156
4.15
4.151
4.155
4.15
4.15
4.148
4.145
4.149
4.144
4.146
4.146
4.143
4.138
4.138
4.135
4.138
4.13
4.125
4.134
4.132
4.124
4.122
4.112
4.111
4.112
4.097
4.091
4.098
4.102
4.106
4.104
4.11
4.116
4.116
4.115
4.11
4.104
4.104
4.111
4.117
4.124
4.124
4.124
4.125
4.128
4.141
4.131
4.142
4.131
4.133
4.135
4.135
4.131
4.131
4.137
4.132
4.13
4.135
4.133
4.136
4.135
4.128
4.13
4.133
4.122
4.123
4.124
4.125
4.119
4.121
4.108
4.103
4.086
4.089
4.1
4.099
4.093
4.082
4.07
4.073
4.075
4.074
4.069
4.07
4.064
4.058
4.048
4.049
4.048
4.038
4.045
4.044
4.051
4.057
4.074
4.075
4.063
4.068
4.077
4.086
4.093
4.077
4.075
4.059
4.056
4.061
4.049
4.041
4.045
4.046
4.059
4.051
4.044
4.048
4.054
4.065
4.062
4.043
4.044
4.05
4.047
4.046
4.051
4.045
4.041
4.034
4.034
4.031
4.031
4.035
4.035
4.03
4.036
4.04
4.038
4.043
4.051
4.056
4.066
4.069
4.071
4.076
4.079
4.085
4.089
4.085
4.071
4.075
4.083
4.079
4.082
4.076
4.079
4.078
4.069
4.078
4.08
4.081
4.091
4.083
4.09
4.084
4.093
4.094
4.086
4.086
4.094
4.083
4.077
4.07
4.058
4.051
4.041
4.042
4.043
4.045
4.032
4.034
4.029
4.027
4.024
4.017
4.017
4.035
4.039
4.039
4.033
4.024
4.019
4.019
4.009
4.011
4.012
4.02
4.025
4.014
4.014
4.026
4.024
4.02
4.023
4.016
4.017
4.018
4.022
4.015
4.018
4.021
4.025
4.022
4.026
4.026
4.025
4.029
4.031
4.033
4.053
4.048
4.043
4.032
4.028
4.028
4.021
4.019
4.023
4.028
4.023
4.019
4.017
4.018
4.019
4.018
4.018
4.019
4.011
4.012
4.013
4.021
4.024
4.03
4.031
4.036
4.038
4.046
4.057
4.052
4.053
4.039
4.045
4.043
4.035
4.043
4.033
4.045
4.031
4.039
4.038
4.032
4.034
4.036
4.049
4.057
4.069
4.074
4.078
4.078
4.076
4.065
4.067
4.067
4.065
4.059
4.057
4.059
4.062
4.062
4.051
4.04
4.034
4.047
4.048
4.044
4.046
4.032
4.043
4.039
4.026
4.029
4.039
4.045
4.043
4.033
4.027
4.026
4.028
4.031
4.033
4.029
4.032
4.031
4.021
4.028
4.026
4.036
4.046
4.038
4.048
4.045
4.05
4.049
4.056
4.057
4.071
4.073
4.079
4.084
4.075
4.081
4.09
4.094
4.097
4.096
4.088
4.097
4.091
4.092
4.092
4.094
4.089
4.093
4.085
4.084
4.074
4.074
4.072
4.085
4.077
4.087
4.079
4.088
4.08
4.078
4.075
4.066
4.073
4.071
4.074
4.08
4.082
4.084
4.077
4.073
4.072
4.08
4.081
4.072
4.081
4.093
4.087
4.089
4.093
4.088
4.091
4.089
4.098
4.089
4.102
4.093
4.087
4.092
4.093
4.096
4.1
4.094
4.103
4.105
4.098
4.095
4.085
4.097
4.089
4.088
4.084
4.084
4.067
4.075
4.078
4.07
4.079
4.089
4.103
4.109
4.119
4.122
4.13
4.135
4.131
4.133
4.129
4.129
4.132
4.136
4.136
4.136
4.139
4.148
4.143
4.145
4.142
4.143
4.15
4.14
4.144
4.14
4.141
4.139
4.146
4.15
4.149
4.143
4.153
4.142
4.146
4.143
4.145
4.139
4.138
4.143
4.14
4.141
4.149
4.137
4.142
4.139
4.141
4.146
4.143
4.137
4.133
4.132
4.13
4.113
4.128
4.128
4.129
4.127
4.13
4.136
4.134
4.135
4.137
4.134
4.127
4.12
4.096
4.074
4.064
4.06
4.048
4.04
4.04
4.038
4.039
4.038
4.045
4.035
4.036
4.034
4.047
4.052
4.041
4.033
4.03
4.034
4.034
4.035
4.041
4.048
4.053
4.056
4.059
4.051
4.048
4.058
4.073
4.087
4.083
4.089
4.079
4.08
4.07
4.094
4.114
4.126
4.135
4.143
4.145
4.147
4.153
4.158
4.154
4.155
4.15
4.159
4.15
4.152
4.157
4.155
4.152
4.151
4.156
4.159
4.161
4.153
4.162
4.159
4.158
4.155
4.159
4.154
4.156
4.147
4.137
4.135
4.135
4.135
4.134
4.13
4.136
4.129
4.124
4.125
4.112
4.096
4.079
4.08
4.072
4.08
4.077
4.088
4.086
4.084
4.083
4.084
4.075
4.076
4.066
4.072
4.071
4.075
4.072
4.083
4.085
4.088
4.077
4.083
4.084
4.089
4.085
4.098
4.09
4.097
4.109
4.115
4.131
4.136
4.146
4.152
4.15
4.151
4.15
4.149
4.152
4.147
4.149
4.145
4.137
4.144
4.14
4.134
4.138
4.137
4.128
4.128
4.135
4.139
4.148
4.148
4.16
4.156
4.157
4.154
4.151
4.148
4.146
4.14
4.138
4.128
4.117
4.115
4.11
4.112
4.1
4.087
4.072
4.074
4.083
4.096
4.096
4.092
4.1
4.104
4.111
4.107
4.113
4.115
4.122
4.131
4.136
4.127
4.125
4.122
4.126
4.112
4.11
4.105
4.104
4.106
4.093
4.112
4.119
4.124
4.124
4.121
4.129
4.135
4.142
4.143
4.139
4.145
4.139
4.139
4.148
4.141
4.133
4.127
4.122
4.113
4.097
4.092
4.098
4.106
4.122
4.124
4.13
4.127
4.139
4.141
4.134
4.135
4.14
4.154
4.158
4.155
4.156
4.15
4.151
4.156
4.15
4.149
4.16
4.161
4.162
4.171
4.167
4.166
4.166
4.171
4.165
4.151
4.154
4.157
4.146
4.147
4.147
4.151
4.156
4.146
4.144
4.145
4.149
4.146
4.148
4.143
4.143
4.146
4.142
4.147
4.147
4.147
4.154
4.148
4.151
4.146
4.144
4.152
4.144
4.149
4.149
4.144
4.138
4.133
4.143
4.13
4.116
4.116
4.125
4.129
4.129
4.14
4.136
4.136
4.137
4.139
4.139
4.139
4.144
4.144
4.141
4.133
4.14
4.129
4.132
4.128
4.133
4.141
4.128
4.133
4.134
4.136
4.137
4.127
4.114
4.11
4.1
4.098
4.082
4.09
4.086
4.089
4.082
4.081
4.094
4.099
4.114
4.127
4.14
4.123
4.119
4.112
4.105
4.098
4.096
4.089
4.093
4.089
4.095
4.109
4.113
4.117
4.115
4.13
4.137
4.129
4.13
4.126
4.107
4.114
4.104
4.09
4.091
4.099
4.107
4.121
4.136
4.129
4.136
4.136
4.144
4.142
4.142
4.138
4.145
4.143
4.144
4.14
4.144
4.146
4.151
4.152
4.156
4.139
4.149
4.15
4.141
4.142
4.145
4.14
4.139
4.139
4.132
4.132
4.121
4.121
4.091
4.078
4.102
4.099
4.122
4.126
4.121
4.12
4.105
4.089
4.095
4.095
4.092
4.099
4.107
4.116
4.129
4.141
4.137
4.129
4.138
4.132
4.135
4.132
4.138
4.138
4.125
4.123
4.12
4.126
4.122
4.126
4.118
4.116
4.115
4.118
4.117
4.121
4.117
4.11
4.115
4.113
4.119
4.115
4.117
4.118
4.128
4.127
4.123
4.119
4.116
4.121
4.123
4.122
4.116
4.121
4.124
4.123
4.116
4.121
4.122
4.123
4.129
4.132
4.121
4.123
4.124
4.124
4.123
4.125
4.128
4.13
4.131
4.13
4.127
4.126
4.13
4.125
4.126
4.122
4.126
4.129
4.126
4.129
4.128
4.139
4.127
4.129
4.139
4.131
4.136
4.131
4.134
4.131
4.125
4.125
4.122
4.126
4.126
4.118
4.131
4.133
4.133
4.128
4.125
4.13
4.131
4.131
4.133
4.126
4.128
4.123
4.124
4.125
4.126
4.126
4.127
4.131
4.128
4.132
4.127
4.123
4.128
4.118
4.118
4.113
4.115
4.11
4.111
4.109
4.109
4.11
4.111
4.104
4.123
4.123
4.123
4.114
4.113
4.103
4.114
4.116
4.109
4.102
4.106
4.099
4.101
4.103
4.102
4.095
4.07
4.069
4.068
4.07
4.081
4.09
4.083
4.076
4.084
4.093
4.094
4.089
4.1
4.105
4.107
4.102
4.104
4.101
4.104
4.116
4.11
4.109
4.112
4.106
4.107
4.108
4.101
4.114
4.096
4.087
4.091
4.087
4.08
4.086
4.089
4.079
4.074
4.075
4.085
4.08
4.076
4.078
4.067
4.049
4.054
4.064
4.063
4.064
4.088
4.088
4.09
4.082
4.082
4.077
4.079
4.068
4.051
4.052
4.051
4.066
4.06
4.07
4.073
4.075
4.065
4.063
4.05
4.055
4.057
4.059
4.055
4.053
4.061
4.069
4.078
4.085
4.096
4.088
4.088
4.09
4.087
4.091
4.094
4.084
4.077
4.069
4.065
4.062
4.06
4.062
4.067
4.071
4.069
4.064
4.058
4.05
4.049
4.06
4.054
4.052
4.048
4.055
4.052
4.04
4.043
4.037
4.041
4.049
4.047
4.054
4.048
4.054
4.062
4.061
4.06
4.051
4.046
4.049
4.051
4.053
4.053
4.044
4.046
4.054
4.047
4.047
4.047
4.052
4.055
4.059
4.069
4.062
4.051
4.049
4.061
4.066
4.054
4.055
4.064
4.069
4.07
4.072
4.056
4.059
4.061
4.069
4.072
4.067
4.063
4.064
4.067
4.067
4.077
4.085
4.094
4.07
4.058
4.045
4.039
4.042
4.035
4.034
4.035
4.036
4.042
4.039
4.032
4.034
4.032
4.042
4.05
4.036
4.036
4.036
4.034
4.027
4.033
4.032
4.035
4.036
4.038
4.045
4.045
4.039
4.048
4.044
4.044
4.047
4.042
4.039
4.026
4.03
4.029
4.037
4.028
4.033
4.027
4.036
4.038
4.027
4.033
4.028
4.03
4.027
4.024
4.032
4.03
4.025
4.036
4.043
4.055
4.042
4.042
4.037
4.033
4.031
4.034
4.047
4.053
4.052
4.072
4.056
4.061
4.045
4.043
4.046
4.04
4.042
4.033
4.032
4.03
4.032
4.03
4.02
4.03
4.029
4.032
4.033
4.039
4.036
4.029
4.03
4.031
4.02
4.024
4.021
4.025
4.025
4.025
4.028
4.029
4.032
4.018
4.022
4.028
4.035
4.033
4.04
4.033
4.032
4.029
4.034
4.034
4.038
4.031
4.025
4.029
4.026
4.033
4.037
4.039
4.04
4.031
4.025
4.027
4.033
4.044
4.048
4.047
4.054
4.056
4.052
4.048
4.046
4.04
4.037
4.032
4.037
4.034
4.038
4.039
4.035
4.032
4.028
4.023
4.023
4.03
4.028
4.027
4.022
4.022
4.027
4.027
4.023
4.022
4.023
4.02
4.023
4.022
4.034
4.032
4.036
4.027
4.027
4.028
4.026
4.026
4.037
4.034
4.032
4.026
4.023
4.025
4.023
4.025
4.029
4.042
4.047
4.055
4.063
4.073
4.075
4.079
4.061
4.056
4.05
4.056
4.048
4.047
4.047
4.057
4.064
4.065
4.072
4.084
4.093
4.104
4.106
4.111
4.113
4.105
4.114
4.114
4.118
4.119
4.119
4.108
4.113
4.111
4.117
4.125
4.114
4.112
4.113
4.101
4.086
4.09
4.091
4.098
4.1
4.106
4.111
4.101
4.106
4.107
4.113
4.118
4.108
4.103
4.1
4.1
4.1
4.104
4.105
4.096
4.092
4.09
4.082
4.085
4.089
4.086
4.092
4.086
4.089
4.081
4.08
4.069
4.083
4.078
4.077
4.081
4.082
4.071
4.072
4.064
4.061
4.079
4.075
4.076
4.082
4.089
4.086
4.086
4.088
4.075
4.084
4.091
4.096
4.109
4.103
4.094
4.104
4.103
4.109
4.118
4.116
4.113
4.115
4.105
4.113
4.103
4.095
4.09
4.097
4.104
4.116
4.117
4.129
4.13
4.124
4.131
4.125
4.118
4.12
4.105
4.113
4.113
4.108
4.117
4.12
4.118
4.124
4.127
4.124
4.126
4.1
4.09
4.086
4.082
4.085
4.088
4.077
4.078
4.074
4.071
4.078
4.078
4.082
4.081
4.084
4.086
4.082
4.063
4.086
4.082
4.084
4.1
4.103
4.122
4.126
4.119
4.116
4.11
4.123
4.121
4.122
4.12
4.122
4.129
4.125
4.133
4.129
4.139
4.132
4.129
4.132
4.135
4.131
4.132
4.125
4.118
4.113
4.093
4.083
4.08
4.089
4.084
4.073
4.076
4.061
4.056
4.05
4.053
4.046
4.045
4.043
4.048
4.045
4.049
4.051
4.051
4.069
4.092
4.095
4.098
4.104
4.111
4.116
4.12
4.118
4.129
4.122
4.128
4.132
4.134
4.138
4.141
4.135
4.139
4.133
4.13
4.135
4.137
4.132
4.119
4.119
4.124
4.126
4.124
4.139
4.139
4.141
4.145
4.148
4.154
4.152
4.149
4.143
4.145
4.152
4.149
4.156
4.152
4.149
4.148
4.158
4.15
4.156
4.147
4.147
4.162
4.16
4.159
4.163
4.157
4.16
4.156
4.147
4.144
4.126
4.127
4.138
4.133
4.137
4.146
4.148
4.137
4.15
4.146
4.144
4.144
4.133
4.133
4.138
4.142
4.142
4.135
4.141
4.136
4.135
4.131
4.129
4.134
4.128
4.13
4.128
4.13
4.131
4.142
4.135
4.146
4.15
4.148
4.14
4.141
4.141
4.136
4.135
4.128
4.134
4.132
4.131
4.141
4.135
4.141
4.144
4.139
4.144
4.148
4.138
4.137
4.131
4.134
4.131
4.14
4.141
4.137
4.142
4.136
4.142
4.125
4.118
4.118
4.119
4.116
4.121
4.123
4.123
4.141
4.129
4.115
4.108
4.094
4.085
4.069
4.073
4.065
4.073
4.067
4.066
4.07
4.08
4.086
4.091
4.113
4.108
4.105
4.106
4.096
4.095
4.094
4.091
4.078
4.082
4.096
4.097
4.097
4.107
4.123
4.139
4.139
4.142
4.149
4.154
4.149
4.149
4.155
4.161
4.166
4.164
4.16
4.149
4.143
4.148
4.134
4.133
4.143
4.139
4.132
4.144
4.136
4.137
4.135
4.13
4.144
4.15
4.149
4.137
4.135
4.126
4.129
4.117
4.113
4.114
4.114
4.105
4.111
4.129
4.135
4.137
4.142
4.137
4.137
4.139
4.13
4.137
4.142
4.132
4.135
4.138
4.135
4.142
4.138
4.143
4.136
4.136
4.128
4.122
4.117
4.116
4.11
4.121
4.135
4.129
4.129
4.13
4.131
4.129
4.129
4.134
4.129
4.124
4.134
4.124
4.116
4.126
4.125
4.119
4.115
4.115
4.121
4.114
4.119
4.122
4.121
4.119
4.123
4.119
4.12
4.116
4.088
4.08
4.085
4.066
4.073
4.071
4.067
4.06
4.069
4.093
4.112
4.129
4.132
4.12
4.104
4.108
4.113
4.121
4.126
4.112
4.101
4.088
4.074
4.071
4.074
4.076
4.075
4.064
4.067
4.068
4.066
4.061
4.077
4.085
4.07
4.073
4.075
4.092
4.102
4.122
4.105
4.106
4.1
4.081
4.075
4.082
4.074
4.077
4.086
4.087
4.084
4.078
4.063
4.086
4.075
4.067
4.055
4.047
4.055
4.055
4.054
4.047
4.052
4.053
4.042
4.052
4.047
4.044
4.046
4.051
4.044
4.05
4.049
4.045
4.047
4.047
4.04
4.036
4.037
4.036
4.029
4.036
4.041
4.046
4.043
4.046
4.046
4.049
4.037
4.039
4.038
4.046
4.046
4.044
4.046
4.032
4.031
4.032
4.032
4.03
4.032
4.025
4.03
4.034
4.029
4.032
4.03
4.033
4.034
4.035
4.036
4.034
4.029
4.023
4.021
4.021
4.026
4.024
4.019
4.025
4.023
4.02
4.022
4.021
4.021
4.022
4.014
4.023
4.013
4.021
4.02
4.02
4.029
4.027
4.024
4.02
4.022
4.018
4.015
4.017
4.019
4.014
4.018
4.015
4.018
4.022
4.02
4.031
4.019
4.019
4.019
4.026
4.018
4.033
4.022
4.021
4.027
4.018
4.015
4.02
4.016
4.017
4.018
4.014
4.009
4.014
4.014
4.02
4.013
4.023
4.029
4.03
4.012
4.029
4.026
4.028
4.017
4.008
4.021
4.009
4.014
4.007
4.008
4.003
4.008
4.006
4.006
4.003
4.011
4.014
4.004
3.998
4.005
4.003
4.009
4.009
4.007
4.008
4.004
4.003
4.008
4.013
4.01
4.011
4.016
4.019
4.02
4.014
4.014
4.011
4.01
4.01
4.011
4.008
4.008
4.005
4.005
4.012
4.012
4.011
4.012
4.007
4.003
4.005
4.021
4.012
4.023
4.028
4.022
4.023
4.028
4.025
4.021
4.022
4.031
4.026
4.025
4.025
4.024
4.023
4.024
4.017
4.02
4.015
4.017
4.015
4.019
4.027
4.022
4.02
4.023
4.016
4.024
4.019
4.02
4.022
4.034
4.021
4.015
4.019
4.028
4.034
4.048
4.041
4.037
4.03
4.026
4.006
4.026
4.025
4.021
4.023
4.017
4.023
4.026
4.027
4.03
4.034
4.035
4.032
4.032
4.028
4.029
4.03
4.031
4.049
4.051
4.045
4.045
4.039
4.035
4.026
4.036
4.03
4.03
4.026
4.033
4.049
4.054
4.062
4.062
4.066
4.06
4.067
4.064
4.06
4.06
4.055
4.057
4.062
4.06
4.061
4.06
4.056
4.056
4.056
4.052
4.038
4.04
4.046
4.037
4.04
4.056
4.057
4.063
4.067
4.046
4.064
4.062
4.055
4.034
4.05
4.055
4.055
4.047
4.056
4.043
4.035
4.033
4.036
4.046
4.057
4.061
4.064
4.056
4.05
4.035
4.02
4.007
3.998
4.003
4.013
4.003
4.005
4.009
4.01
4.012
4.01
4.01
4.016
4.012
4.027
4.032
4.037
4.037
4.033
4.033
4.043
4.035
4.024
4.04
4.044
4.043
4.05
4.05
4.057
4.056
4.069
4.07
4.069
4.053
4.055
4.059
4.059
4.06
4.058
4.048
4.062
4.073
4.081
4.098
4.098
4.104
4.102
4.089
4.087
4.097
4.093
4.093
4.097
4.096
4.109
4.119
4.112
4.116
4.118
4.123
4.129
4.112
4.115
4.108
4.117
4.11
4.119
4.125
4.12
4.125
4.123
4.132
4.125
4.127
4.125
4.114
4.119
4.111
4.116
4.111
4.125
4.12
4.129
4.124
4.121
4.122
4.127
4.125
4.121
4.125
4.128
4.125
4.123
4.12
4.125
4.12
4.123
4.123
4.112
4.114
4.114
4.116
4.115
4.117
4.121
4.125
4.111
4.114
4.121
4.13
4.118
4.125
4.121
4.119
4.12
4.12
4.127
4.118
4.123
4.128
4.126
4.128
4.127
4.129
4.13
4.135
4.136
4.13
4.14
4.14
4.138
4.133
4.128
4.134
4.121
4.121
4.131
4.126
4.134
4.13
4.139
4.133
4.136
4.134
4.144
4.134
4.135
4.14
4.134
4.14
4.136
4.145
4.135
4.135
4.13
4.139
4.134
4.138
4.129
4.134
4.122
4.113
4.118
4.118
4.121
4.121
4.122
4.118
4.113
4.117
4.106
4.111
4.112
4.101
4.108
4.1
4.103
4.095
4.1
4.097
4.121
4.13
4.137
4.141
4.142
4.146
4.142
4.135
4.156
4.154
4.149
4.153
4.157
4.153
4.156
4.158
4.156
4.152
4.152
4.156
4.162
4.165
4.169
4.178
4.177
4.179
4.17
4.178
4.186
4.191
4.188
4.193
4.187
4.199
4.198
4.201
4.204
4.2
4.202
4.205
4.204
4.198
4.201
4.205
4.206
4.206
4.202
4.203
4.203
4.198
4.199
4.201
4.203
4.21
4.201
4.204
4.208
4.211
4.21
4.208
4.203
4.212
4.205
4.207
4.212
4.211
4.219
4.219
4.215
4.215
4.223
4.216
4.217
4.22
4.225
4.224
4.23
4.229
4.225
4.226
4.217
4.225
4.222
4.213
4.209
4.211
4.203
4.212
4.223
4.226
4.226
4.219
4.217
4.215
4.213
4.216
4.22
4.219
4.219
4.208
4.217
4.215
4.215
4.212
4.218
4.217
4.204
4.217
4.218
4.218
4.222
4.214
4.215
4.206
4.206
4.205
4.204
4.198
4.212
4.215
4.22
4.223
4.228
4.225
4.225
4.225
4.217
4.218
4.222
4.215
4.209
4.204
4.202
4.2
4.19
4.188
4.199
4.205
4.204
4.208
4.215
4.218
4.213
4.203
4.208
4.206
4.215
4.213
4.206
4.213
4.226
4.22
4.217
4.216
4.213
4.222
4.224
4.225
4.225
4.226
4.22
4.218
4.218
4.214
4.214
4.211
4.207
4.204
4.209
4.217
4.204
4.207
4.207
4.219
4.219
4.223
4.227
4.223
4.228
4.22
4.212
4.209
4.216
4.216
4.219
4.219
4.225
4.225
4.219
4.216
4.219
4.217
4.223
4.224
4.231
4.227
4.228
4.236
4.229
4.227
4.225
4.228
4.231
4.236
4.228
4.232
4.233
4.231
4.233
4.227
4.226
4.224
4.234
4.222
4.222
4.224
4.216
4.215
4.215
4.216
4.227
4.226
4.224
4.228
4.234
4.233
4.231
4.237
4.233
4.225
4.225
4.222
4.223
4.215
4.212
4.219
4.23
4.227
4.219
4.214
4.214
4.213
4.228
4.223
4.224
4.227
4.222
4.218
4.226
4.224
4.222
4.214
4.222
4.216
4.213
4.219
4.22
4.226
4.23
4.23
4.225
4.23
4.219
4.227
4.229
4.223
4.23
4.224
4.224
4.22
4.218
4.228
4.225
4.233
4.236
4.229
4.228
4.224
4.224
4.219
4.228
4.227
4.223
4.227
4.216
4.216
4.224
4.228
4.228
4.226
4.225
4.228
4.227
4.219
4.22
4.222
4.216
4.216
4.217
4.217
4.23
4.228
4.228
4.228
4.222
4.224
4.223
4.231
4.227
4.232
4.229
4.231
4.235
4.237
4.229
4.228
4.228
4.229
4.23
4.234
4.234
4.238
4.239
4.236
4.237
4.227
4.225
4.229
4.228
4.225
4.223
4.223
4.217
4.23
4.233
4.235
4.231
4.232
4.232
4.224
4.23
4.227
4.233
4.231
4.238
4.227
4.228
4.229
4.236
4.234
4.23
4.23
4.232
4.237
4.235
4.237
4.235
4.24
4.239
4.232
4.23
4.228
4.239
4.239
4.235
4.232
4.24
4.236
4.234
4.238
4.238
4.23
4.235
4.23
4.231
4.234
4.227
4.226
4.228
4.217
4.212
4.212
4.217
4.222
4.222
4.224
4.231
4.223
4.222
4.229
4.226
4.229
4.23
4.229
4.233
4.234
4.233
4.235
4.237
4.242
4.236
4.233
4.233
4.23
4.229
4.237
4.232
4.223
4.234
4.238
4.228
4.233
4.23
4.23
4.241
4.231
4.234
4.235
4.24
4.236
4.234
4.235
4.238
4.242
4.241
4.234
4.249
4.242
4.24
4.243
4.239
4.241
4.231
4.238
4.239
4.225
4.228
4.226
4.226
4.22
4.224
4.226
4.228
4.227
4.225
4.234
4.234
4.223
4.226
4.226
4.228
4.228
4.226
4.218
4.227
4.224
4.229
4.229
4.224
4.219
4.226
4.225
4.229
4.224
4.226
4.226
4.219
4.222
4.224
4.229
4.223
4.229
4.222
4.225
4.223
4.228
4.225
4.231
4.233
4.219
4.229
4.232
4.237
4.235
4.235
4.238
4.237
4.235
4.235
4.232
4.232
4.229
4.231
4.227
4.226
4.227
4.232
4.235
4.223
4.231
4.227
4.223
4.216
4.213
4.215
4.214
4.209
4.209
4.207
4.218
4.215
4.223
4.222
4.224
4.23
4.226
4.227
4.229
4.235
4.235
4.229
4.238
4.232
4.237
4.237
4.234
4.228
4.234
4.233
4.232
4.235
4.228
4.233
4.233
4.232
4.237
4.232
4.237
4.233
4.235
4.232
4.234
4.236
4.233
4.234
4.233
4.232
4.233
4.231
4.227
4.229
4.224
4.23
4.23
4.227
4.228
4.224
4.232
4.237
4.236
4.223
4.229
4.232
4.237
4.235
4.232
4.228
4.235
4.227
4.232
4.233
4.235
4.23
4.233
4.229
4.23
4.233
4.232
4.232
4.227
4.229
4.224
4.225
4.224
4.225
4.23
4.233
4.225
4.229
4.232
4.235
4.23
4.229
4.233
4.227
4.226
4.226
4.227
4.23
4.228
4.236
4.232
4.237
4.222
4.216
4.216
4.223
4.204
4.197
4.204
4.2
4.208
4.206
4.217
4.212
4.215
4.206
4.209
4.209
4.209
4.212
4.223
4.209
4.225
4.223
4.228
4.209
4.214
4.216
4.217
4.217
4.213
4.211
4.206
4.202
4.189
4.202
4.187
4.193
4.194
4.196
4.198
4.194
4.196
4.194
4.187
4.191
4.19
4.187
4.185
4.179
4.184
4.177
4.183
4.185
4.179
4.183
4.186
4.183
4.184
4.186
4.185
4.188
4.182
4.191
4.19
4.185
4.185
4.181
4.177
4.183
4.178
4.182
4.18
4.182
4.174
4.18
4.178
4.174
4.17
4.163
4.161
4.15
4.152
4.144
4.127
4.121
4.133
4.135
4.134
4.136
4.138
4.135
4.136
4.143
4.149
4.159
4.15
4.156
4.161
4.154
4.158
4.143
4.137
4.129
4.123
4.13
4.136
4.127
4.111
4.103
4.109
4.139
4.156
4.149
4.146
4.148
4.145
4.133
4.14
4.144
4.134
4.135
4.128
4.125
4.13
4.117
4.102
4.112
4.097
4.087
4.088
4.084
4.08
4.073
4.076
4.077
4.094
4.094
4.098
4.101
4.102
4.1
4.093
4.093
4.102
4.101
4.113
4.11
4.115
4.11
4.11
4.117
4.11
4.104
4.111
4.113
4.118
4.121
4.136
4.141
4.145
4.154
4.153
4.158
4.152
4.154
4.154
4.144
4.137
4.144
4.146
4.139
4.116
4.109
4.099
4.096
4.093
4.097
4.088
4.089
4.086
4.104
4.116
4.121
4.126
4.118
4.119
4.109
4.103
4.104
4.099
4.093
4.099
4.095
4.091
4.101
4.103
4.109
4.118
4.123
4.134
4.132
4.128
4.142
4.132
4.144
4.144
4.142
4.15
4.14
4.137
4.143
4.14
4.143
4.146
4.144
4.143
4.14
4.141
4.138
4.128
4.109
4.1
4.089
4.073
4.074
4.068
4.069
4.079
4.089
4.099
4.117
4.119
4.124
4.122
4.116
4.109
4.092
4.089
4.093
4.084
4.096
4.086
4.085
4.076
4.086
4.084
4.084
4.083
4.073
4.072
4.073
4.057
4.055
4.052
4.058
4.058
4.078
4.071
4.073
4.059
4.049
4.061
4.057
4.057
4.067
4.072
4.071
4.075
4.075
4.081
4.071
4.073
4.074
4.079
4.074
4.077
4.076
4.064
4.056
4.06
4.055
4.063
4.065
4.063
4.067
4.07
4.07
4.065
4.071
4.074
4.092
4.098
4.087
4.102
4.104
4.108
4.112
4.118
4.119
4.115
4.107
4.11
4.102
4.093
4.083
4.081
4.075
4.064
4.08
4.091
4.114
4.111
4.098
4.095
4.1
4.106
4.115
4.115
4.119
4.123
4.124
4.123
4.126
4.128
4.126
4.13
4.13
4.136
4.126
4.131
4.127
4.135
4.139
4.133
4.139
4.139
4.139
4.144
4.146
4.146
4.149
4.146
4.143
4.147
4.14
4.129
4.131
4.138
4.122
4.097
4.085
4.078
4.083
4.09
4.088
4.074
4.074
4.078
4.068
4.078
4.081
4.09
4.069
4.073
4.057
4.054
4.059
4.05
4.049
4.055
4.064
4.064
4.059
4.069
4.066
4.069
4.074
4.068
4.071
4.06
4.062
4.059
4.053
4.065
4.077
4.08
4.089
4.092
4.108
4.107
4.118
4.118
4.115
4.118
4.12
4.123
4.119
4.109
4.108
4.108
4.107
4.115
4.115
4.114
4.11
4.106
4.109
4.109
4.103
4.087
4.075
4.073
4.075
4.072
4.091
4.096
4.085
4.082
4.07
4.065
4.061
4.066
4.064
4.063
4.057
4.051
4.048
4.055
4.047
4.047
4.043
4.044
4.053
4.065
4.067
4.062
4.055
4.052
4.066
4.072
4.062
4.067
4.062
4.057
4.057
4.065
4.067
4.061
4.078
4.081
4.076
4.081
4.091
4.108
4.105
4.105
4.103
4.102
4.105
4.107
4.1
4.1
4.116
4.11
4.125
4.12
4.125
4.129
4.131
4.123
4.126
4.12
4.116
4.11
4.094
4.086
4.107
4.101
4.108
4.115
4.105
4.088
4.079
4.083
4.081
4.074
4.077
4.066
4.077
4.079
4.083
4.086
4.094
4.103
4.113
4.114
4.114
4.12
4.125
4.122
4.133
4.13
4.126
4.113
4.114
4.112
4.101
4.094
4.082
4.072
4.067
4.066
4.058
4.055
4.064
4.059
4.048
4.045
4.045
4.044
4.042
4.042
4.045
4.041
4.043
4.038
4.046
4.056
4.055
4.06
4.065
4.073
4.065
4.057
4.064
4.078
4.087
4.095
4.096
4.092
4.09
4.095
4.106
4.104
4.111
4.107
4.113
4.111
4.114
4.106
4.104
4.103
4.099
4.094
4.085
4.089
4.084
4.072
4.07
4.062
4.054
4.053
4.059
4.065
4.061
4.055
4.061
4.055
4.069
4.082
4.095
4.106
4.122
4.127
4.124
4.122
4.121
4.105
4.1
4.094
4.092
4.1
4.093
4.083
4.086
4.099
4.11
4.117
4.122
4.125
4.134
4.123
4.129
4.125
4.121
4.13
4.132
4.133
4.134
4.131
4.126
4.137
4.133
4.142
4.136
4.136
4.136
4.139
4.139
4.144
4.137
4.139
4.139
4.142
4.145
4.138
4.137
4.143
4.131
4.141
4.138
4.14
4.14
4.132
4.122
4.118
4.119
4.128
4.125
4.13
4.136
4.136
4.138
4.146
4.138
4.142
4.146
4.144
4.142
4.142
4.144
4.14
4.143
4.141
4.144
4.152
4.147
4.151
4.151
4.144
4.148
4.151
4.142
4.139
4.139
4.14
4.147
4.139
4.15
4.144
4.144
4.15
4.148
4.152
4.15
4.166
4.156
4.149
4.159
4.159
4.165
4.161
4.166
4.165
4.167
4.162
4.156
4.154
4.158
4.159
4.158
4.164
4.158
4.163
4.17
4.165
4.164
4.169
4.17
4.165
4.174
4.167
4.173
4.171
4.176
4.167
4.168
4.166
4.164
4.17
4.164
4.163
4.167
4.163
4.17
4.174
4.172
4.169
4.162
4.163
4.165
4.161
4.166
4.149
4.143
4.139
4.143
4.136
4.12
4.12
4.129
4.128
4.128
4.139
4.141
4.148
4.154
4.162
4.16
4.16
4.161
4.159
4.166
4.17
4.172
4.165
4.169
4.156
4.165
4.171
4.169
4.176
4.169
4.168
4.179
4.171
4.172
4.168
4.173
4.165
4.172
4.165
4.163
4.167
4.164
4.163
4.162
4.158
4.162
4.16
4.169
4.174
4.165
4.167
4.171
4.171
4.17
4.169
4.168
4.163
4.163
4.164
4.174
4.169
4.168
4.157
4.167
4.166
4.169
4.165
4.164
4.156
4.159
4.158
4.16
4.161
4.163
4.154
4.156
4.158
4.155
4.153
4.148
4.163
4.162
4.161
4.165
4.159
4.153
4.162
4.161
4.16
4.158
4.155
4.154
4.155
4.153
4.159
4.165
4.167
4.167
4.165
4.157
4.164
4.158
4.155
4.161
4.161
4.172
4.163
4.166
4.162
4.16
4.166
4.155
4.163
4.154
4.166
4.169
4.164
4.164
4.175
4.168
4.155
4.159
4.156
4.155
4.152
4.155
4.159
4.156
4.156
4.149
4.16
4.153
4.149
4.155
4.155
4.148
4.151
4.146
4.152
4.15
4.146
4.128
4.126
4.116
4.115
4.12
4.124
4.124
4.131
4.133
4.136
4.136
4.153
4.147
4.157
4.151
4.152
4.161
4.158
4.167
4.158
4.151
4.157
4.156
4.153
4.148
4.163
4.164
4.161
4.16
4.159
4.157
4.156
4.162
4.154
4.16
4.145
4.149
4.143
4.149
4.136
4.137
4.145
4.145
4.15
4.157
4.15
4.147
4.143
4.142
4.136
4.132
4.127
4.125
4.13
4.122
4.12
4.131
4.123
4.123
4.131
4.129
4.125
4.119
4.116
4.112
4.126
4.13
4.132
4.129
4.131
4.131
4.13
4.129
4.138
4.135
4.14
4.138
4.146
4.147
4.148
4.153
4.152
4.152
4.143
4.133
4.141
4.144
4.149
4.16
4.167
4.16
4.158
4.159
4.161
4.164
4.169
4.164
4.159
4.165
4.157
4.158
4.168
4.165
4.168
4.163
4.173
4.169
4.168
4.165
4.16
4.165
4.163
4.156
4.153
4.156
4.15
4.148
4.152
4.146
4.149
4.144
4.143
4.142
4.14
4.135
4.138
4.141
4.135
4.127
4.12
4.123
4.122
4.128
4.137
4.133
4.135
4.125
4.133
4.138
4.144
4.147
4.16
4.162
4.167
4.171
4.171
4.177
4.179
4.174
4.176
4.172
4.167
4.163
4.173
4.165
4.174
4.178
4.171
4.172
4.181
4.172
4.175
4.184
4.176
4.181
4.192
4.178
4.181
4.179
4.186
4.182
4.18
4.177
4.181
4.178
4.173
4.172
4.178
4.172
4.179
4.178
4.175
4.177
4.168
4.172
4.173
4.175
4.177
4.173
4.169
4.169
4.166
4.172
4.178
4.185
4.179
4.18
4.182
4.174
4.18
4.177
4.182
4.177
4.177
4.177
4.18
4.173
4.175
4.178
4.18
4.177
4.184
4.176
4.18
4.18
4.176
4.18
4.17
4.173
4.168
4.18
4.173
4.174
4.18
4.186
4.188
4.178
4.175
4.181
4.176
4.174
4.183
4.171
4.177
4.174
4.166
4.169
4.169
4.169
4.169
4.17
4.17
4.173
4.16
4.156
4.159
4.167
4.172
4.174
4.174
4.17
4.173
4.174
4.167
4.174
4.176
4.171
4.168
4.173
4.17
4.168
4.166
4.169
4.17
4.172
4.174
4.167
4.163
4.158
4.161
4.162
4.168
4.169
4.165
4.176
4.174
4.171
4.173
4.172
4.165
4.168
4.18
4.175
4.176
4.171
4.175
4.166
4.157
4.175
4.171
4.166
4.175
4.163
4.168
4.173
4.172
4.178
4.183
4.184
4.191
4.187
4.183
4.18
4.189
4.187
4.185
4.182
4.185
4.181
4.175
4.176
4.177
4.184
4.177
4.181
4.185
4.182
4.181
4.18
4.181
4.179
4.179
4.17
4.17
4.182
4.171
4.172
4.182
4.174
4.176
4.171
4.178
4.172
4.173
4.175
4.177
4.176
4.183
4.19
4.18
4.184
4.178
4.182
4.17
4.171
4.17
4.169
4.168
4.175
4.17
4.177
4.176
4.179
4.176
4.172
4.18
4.182
4.186
4.176
4.178
4.175
4.188
4.187
4.186
4.183
4.183
4.183
4.178
4.19
4.177
4.175
4.176
4.173
4.177
4.165
4.167
4.169
4.176
4.167
4.168
4.168
4.174
4.176
4.177
4.167
4.162
4.172
4.175
4.175
4.177
4.176
4.174
4.174
4.182
4.177
4.176
4.171
4.179
4.178
4.183
4.18
4.178
4.166
4.172
4.168
4.166
4.165
4.165
4.167
4.164
4.17
4.158
4.167
4.165
4.168
4.171
4.168
4.162
4.159
4.171
4.175
4.176
4.181
4.172
4.173
4.171
4.171
4.177
4.179
4.177
4.175
4.175
4.177
4.167
4.172
4.175
4.165
4.169
4.159
4.166
4.169
4.162
4.156
4.157
4.156
4.159
4.161
4.167
4.174
4.17
4.171
4.174
4.168
4.175
4.174
4.176
4.175
4.167
4.163
4.164
4.166
4.171
4.172
4.17
4.173
4.171
4.163
4.175
4.174
4.177
4.177
4.165
4.169
4.183
4.166
4.17
4.169
4.173
4.177
4.161
4.152
4.165
4.169
4.175
4.168
4.165
4.169
4.175
4.171
4.178
4.176
4.179
4.175
4.173
4.171
4.164
4.169
4.173
4.177
4.171
4.179
4.176
4.172
4.171
4.172
4.165
4.167
4.174
4.169
4.166
4.172
4.164
4.159
4.164
4.163
4.163
4.167
4.172
4.171
4.173
4.167
4.17
4.165
4.177
4.173
4.176
4.166
4.168
4.168
4.168
4.167
4.166
4.159
4.16
4.166
4.165
4.16
4.172
4.169
4.174
4.171
4.178
4.18
4.169
4.175
4.178
4.181
4.171
4.172
4.179
4.172
4.175
4.168
4.171
4.173
4.173
4.177
4.181
4.176
4.182
4.174
4.174
4.168
4.171
4.172
4.172
4.176
4.173
4.165
4.176
4.171
4.173
4.179
4.178
4.18
4.18
4.182
4.182
4.18
4.177
4.179
4.182
4.176
4.177
4.177
4.171
4.181
4.176
4.179
4.177
4.175
4.182
4.172
4.183
4.176
4.172
4.168
4.176
4.181
4.173
4.174
4.168
4.172
4.176
4.177
4.172
4.174
4.172
4.172
4.17
4.167
4.173
4.166
4.166
4.168
4.165
4.162
4.163
4.168
4.175
4.157
4.159
4.171
4.168
4.173
4.173
4.167
4.173
4.17
4.162
4.173
4.166
4.174
4.17
4.173
4.171
4.171
4.175
4.168
4.171
4.169
4.175
4.172
4.167
4.174
4.16
4.163
4.175
4.172
4.171
4.166
4.168
4.175
4.169
4.173
4.17
4.174
4.172
4.173
4.173
4.17
4.17
4.168
4.174
4.173
4.164
4.162
4.162
4.161
4.157
4.159
4.164
4.166
4.16
4.166
4.169
4.17
4.172
4.167
4.178
4.17
4.166
4.167
4.172
4.168
4.169
4.167
4.164
4.17
4.172
4.173
4.167
4.172
4.172
4.174
4.175
4.175
4.162
4.175
4.172
4.159
4.166
4.161
4.164
4.161
4.158
4.16
4.163
4.163
4.156
4.165
4.163
4.174
4.174
4.17
4.165
4.167
4.17
4.167
4.172
4.17
4.157
4.162
4.166
4.169
4.167
4.174
4.171
4.164
4.167
4.17
4.167
4.165
4.171
4.165
4.165
4.163
4.162
4.158
4.159
4.163
4.166
4.166
4.166
4.171
4.172
4.17
4.174
4.173
4.172
4.174
4.172
4.171
4.172
4.169
4.172
4.167
4.171
4.171
4.175
4.168
4.172
4.179
4.171
4.175
4.173
4.172
4.171
4.172
4.176
4.175
4.172
4.169
4.177
4.166
4.168
4.164
4.171
4.165
4.165
4.167
4.166
4.173
4.169
4.169
4.173
4.172
4.173
4.172
4.173
4.174
4.177
4.167
4.17
4.167
4.166
4.164
4.173
4.17
4.179
4.175
4.175
4.17
4.169
4.171
4.173
4.181
4.174
4.171
4.172
4.172
4.172
4.17
4.17
4.173
4.173
4.173
4.174
4.172
4.17
4.171
4.172
4.171
4.173
4.169
4.168
4.166
4.173
4.17
4.168
4.168
4.168
4.17
4.162
4.17
4.164
4.173
4.174
4.169
4.168
4.173
4.177
4.167
4.172
4.162
4.173
4.161
4.172
4.168
4.161
4.168
4.163
4.172
4.168
4.169
4.168
4.168
4.17
4.167
4.167
4.173
4.169
4.165
4.17
4.176
4.165
4.166
4.166
4.167
4.167
4.171
4.166
4.169
4.167
4.154
4.155
4.163
4.169
4.17
4.163
4.171
4.174
4.172
4.173
4.177
4.177
4.177
4.17
4.167
4.166
4.172
4.175
4.179
4.168
4.18
4.169
4.169
4.169
4.168
4.161
4.167
4.166
4.174
4.167
4.171
4.168
4.17
4.173
4.159
4.16
4.17
4.168
4.166
4.172
4.165
4.166
4.173
4.168
4.172
4.172
4.175
4.174
4.172
4.17
4.169
4.164
4.175
4.165
4.17
4.175
4.169
4.164
4.164
4.17
4.163
4.165
4.17
4.173
4.166
4.169
4.166
4.178
4.172
4.17
4.169
4.169
4.173
4.177
4.17
4.171
4.178
4.174
4.177
4.173
4.179
4.173
4.174
4.169
4.169
4.17
4.172
4.167
4.173
4.169
4.177
4.177
4.178
4.173
4.171
4.167
4.168
4.171
4.172
4.172
4.168
4.178
4.176
4.177
4.171
4.176
4.179
4.178
4.179
4.171
4.176
4.181
4.171
4.172
4.175
4.177
4.174
4.171
4.168
4.169
4.171
4.175
4.174
4.176
4.172
4.167
4.176
4.17
4.163
4.175
4.174
4.172
4.178
4.167
4.171
4.178
4.168
4.169
4.17
4.165
4.174
4.178
4.171
4.172
4.172
4.173
4.172
4.175
4.165
4.173
4.178
4.179
4.178
4.18
4.175
4.182
4.174
4.174
4.173
4.166
4.172
4.176
4.168
4.173
4.171
4.17
4.169
4.173
4.176
4.17
4.169
4.178
4.178
4.168
4.174
4.172
4.168
4.179
4.179
4.176
4.171
4.175
4.175
4.179
4.175
4.17
4.171
4.174
4.179
4.182
4.182
4.174
4.179
4.178
4.172
4.181
4.177
4.173
4.172
4.169
4.178
4.171
4.173
4.176
4.179
4.179
4.178
4.189
4.189
4.192
4.184
4.18
4.19
4.182
4.187
4.183
4.18
4.192
4.187
4.188
4.186
4.184
4.188
4.184
4.177
4.168
4.176
4.168
4.181
4.17
4.174
4.167
4.167
4.165
4.169
4.169
4.171
4.161
4.169
4.165
4.16
4.167
4.16
4.158
4.156
4.162
4.165
4.162
4.162
4.165
4.17
4.171
4.16
4.157
4.166
4.169
4.163
4.166
4.167
4.172
4.169
4.173
4.166
4.17
4.167
4.164
4.17
4.169
4.162
4.174
4.163
4.177
4.17
4.175
4.171
4.176
4.173
4.169
4.175
4.17
4.174
4.177
4.178
4.172
4.17
4.179
4.174
4.18
4.185
4.177
4.178
4.171
4.177
4.187
4.177
4.177
4.179
4.173
4.175
4.17
4.173
4.173
4.172
4.164
4.173
4.17
4.171
4.169
4.175
4.166
4.171
4.166
4.173
4.177
4.175
4.177
4.177
4.167
4.177
4.177
4.172
4.169
4.169
4.164
4.167
4.165
4.166
4.157
4.17
4.162
4.156
4.16
4.159
4.16
4.163
4.163
4.168
4.161
4.165
4.158
4.165
4.163
4.164
4.161
4.165
4.159
4.153
4.147
4.158
4.156
4.151
4.158
4.165
4.163
4.155
4.152
4.151
4.148
4.148
4.148
4.145
4.149
4.151
4.148
4.15
4.153
4.149
4.147
4.149
4.148
4.15
4.148
4.148
4.141
4.157
4.158
4.149
4.154
4.156
4.157
4.149
4.155
4.151
4.153
4.148
4.144
4.142
4.143
4.148
4.149
4.149
4.147
4.149
4.137
4.14
4.145
4.145
4.154
4.15
4.151
4.155
4.15
4.147
4.15
4.151
4.154
4.144
4.147
4.143
4.154
4.147
4.15
4.151
4.141
4.15
4.147
4.145
4.147
4.139
4.14
4.14
4.142
4.145
4.138
4.141
4.146
4.134
4.143
4.143
4.136
4.143
4.141
4.142
4.145
4.144
4.151
4.147
4.143
4.14
4.148
4.138
4.145
4.142
4.147
4.149
4.149
4.148
4.141
4.145
4.138
4.141
4.148
4.152
4.142
4.149
4.143
4.141
4.135
4.142
4.145
4.138
4.135
4.139
4.133
4.137
4.131
4.139
4.139
4.136
4.149
4.147
4.146
4.14
4.149
4.145
4.143
4.142
4.144
4.14
4.145
4.142
4.143
4.141
4.136
4.137
4.14
4.134
4.146
4.136
4.14
4.138
4.141
4.138
4.132
4.136
4.133
4.131
4.131
4.128
4.13
4.133
4.132
4.126
4.126
4.124
4.125
4.126
4.121
4.123
4.122
4.127
4.122
4.127
4.117
4.114
4.107
4.109
4.111
4.109
4.111
4.12
4.117
4.12
4.127
4.126
4.121
4.113
4.113
4.087
4.076
4.086
4.088
4.093
4.107
4.12
4.135
4.131
4.137
4.134
4.133
4.137
4.139
4.137
4.136
4.146
4.136
4.139
4.135
4.137
4.135
4.136
4.133
4.13
4.135
4.136
4.126
4.136
4.125
4.125
4.125
4.127
4.13
4.132
4.129
4.135
4.127
4.127
4.129
4.129
4.132
4.133
4.137
4.137
4.133
4.136
4.138
4.14
4.134
4.138
4.14
4.136
4.142
4.137
4.137
4.147
4.135
4.142
4.142
4.143
4.142
4.135
4.135
4.137
4.141
4.147
4.135
4.142
4.143
4.146
4.148
4.146
4.133
4.14
4.139
4.141
4.135
4.139
4.13
4.127
4.121
4.126
4.114
4.121
4.119
4.12
4.131
4.133
4.136
4.132
4.134
4.131
4.134
4.138
4.137
4.145
4.15
4.148
4.147
4.146
4.142
4.138
4.131
4.136
4.136
4.138
4.144
4.14
4.132
4.127
4.127
4.13
4.125
4.131
4.127
4.134
4.141
4.136
4.138
4.143
4.142
4.143
4.142
4.138
4.137
4.138
4.139
4.135
4.14
4.142
4.134
4.143
4.138
4.131
4.138
4.144
4.14
4.141
4.136
4.136
4.132
4.133
4.145
4.142
4.143
4.147
4.143
4.139
4.137
4.135
4.131
4.124
4.117
4.124
4.131
4.132
4.139
4.144
4.138
4.143
4.133
4.126
4.136
4.134
4.136
4.141
4.131
4.138
4.137
4.132
4.138
4.135
4.13
4.139
4.136
4.127
4.13
4.136
4.128
4.132
4.141
4.14
4.144
4.137
4.146
4.144
4.141
4.146
4.143
4.139
4.145
4.138
4.131
4.131
4.136
4.142
4.136
4.139
4.133
4.137
4.137
4.139
4.131
4.127
4.131
4.133
4.138
4.131
4.129
4.131
4.132
4.133
4.143
4.146
4.146
4.146
4.144
4.142
4.145
4.146
4.141
4.149
4.153
4.151
4.151
4.15
4.153
4.152
4.147
4.148
4.147
4.148
4.142
4.151
4.149
4.14
4.134
4.137
4.142
4.138
4.142
4.136
4.131
4.129
4.138
4.136
4.14
4.14
4.147
4.143
4.147
4.151
4.152
4.149
4.143
4.141
4.139
4.136
4.131
4.135
4.134
4.144
4.142
4.142
4.145
4.143
4.144
4.137
4.136
4.143
4.14
4.141
4.146
4.146
4.154
4.145
4.143
4.148
4.143
4.136
4.138
4.143
4.138
4.15
4.142
4.147
4.137
4.15
4.145
4.147
4.152
4.144
4.145
4.142
4.139
4.145
4.139
4.139
4.147
4.142
4.145
4.148
4.159
4.157
4.151
4.155
4.166
4.163
4.157
4.163
4.16
4.163
4.166
4.162
4.164
4.167
4.166
4.164
4.158
4.168
4.166
4.172
4.17
4.173
4.161
4.163
4.162
4.162
4.154
4.165
4.175
4.169
4.17
4.172
4.17
4.167
4.168
4.171
4.171
4.174
4.164
4.17
4.17
4.169
4.17
4.175
4.172
4.174
4.176
4.168
4.17
4.169
4.17
4.176
4.173
4.175
4.17
4.17
4.174
4.17
4.177
4.175
4.169
4.173
4.176
4.175
4.17
4.172
4.168
4.168
4.17
4.162
4.169
4.173
4.166
4.162
4.161
4.159
4.162
4.17
4.168
4.162
4.16
4.158
4.158
4.146
4.157
4.159
4.156
4.153
4.154
4.156
4.156
4.157
4.167
4.163
4.163
4.17
4.165
4.172
4.162
4.166
4.16
4.156
4.156
4.165
4.156
4.15
4.159
4.159
4.159
4.147
4.152
4.152
4.162
4.153
4.162
4.157
4.161
4.154
4.165
4.158
4.152
4.148
4.152
4.161
4.155
4.158
4.158
4.156
4.157
4.162
4.158
4.159
4.166
4.163
4.16
4.167
4.162
4.163
4.165
4.168
4.168
4.165
4.17
4.17
4.17
4.169
4.161
4.165
4.172
4.164
4.169
4.166
4.166
4.171
4.16
4.17
4.178
4.167
4.167
4.163
4.164
4.166
4.162
4.164
4.168
4.164
4.167
4.156
4.157
4.154
4.15
4.151
4.154
4.146
4.145
4.15
4.153
4.155
4.152
4.157
4.152
4.149
4.157
4.163
4.16
4.167
4.166
4.165
4.165
4.164
4.164
4.159
4.156
4.16
4.166
4.171
4.164
4.157
4.159
4.148
4.155
4.16
4.153
4.161
4.164
4.159
4.159
4.168
4.16
4.169
4.165
4.167
4.173
4.163
4.159
4.155
4.165
4.156
4.167
4.159
4.167
4.166
4.167
4.17
4.164
4.166
4.164
4.167
4.178
4.173
4.175
4.176
4.175
4.175
4.18
4.181
4.186
4.186
4.169
4.174
4.177
4.177
4.173
4.17
4.173
4.164
4.172
4.17
4.173
4.182
4.172
4.175
4.177
4.177
4.174
4.169
4.173
4.176
4.176
4.176
4.167
4.182
4.178
4.185
4.183
4.175
4.177
4.172
4.169
4.172
4.177
4.169
4.17
4.176
4.174
4.177
4.181
4.173
4.164
4.166
4.168
4.163
4.16
4.161
4.165
4.159
4.157
4.157
4.162
4.159
4.158
4.157
4.161
4.164
4.167
4.168
4.159
4.162
4.16
4.158
4.16
4.163
4.156
4.159
4.162
4.157
4.158
4.163
4.161
4.165
4.161
4.164
4.165
4.167
4.168
4.164
4.164
4.165
4.159
4.164
4.16
4.161
4.161
4.171
4.161
4.162
4.161
4.157
4.157
4.164
4.16
4.165
4.16
4.171
4.172
4.173
4.182
4.172
4.172
4.169
4.17
4.174
4.174
4.176
4.19
4.181
4.18
4.189
4.193
4.183
4.184
4.185
4.186
4.19
4.191
4.194
4.179
4.188
4.18
4.182
4.182
4.179
4.183
4.186
4.18
4.187
4.179
4.181
4.186
4.19
4.18
4.189
4.186
4.186
4.197
4.194
4.19
4.188
4.192
4.189
4.188
4.191
4.192
4.187
4.185
4.185
4.19
4.188
4.184
4.184
4.186
4.181
4.189
4.188
4.183
4.19
4.192
4.187
4.189
4.191
4.187
4.199
4.19
4.197
4.193
4.184
4.189
4.187
4.184
4.191
4.193
4.188
4.186
4.191
4.178
4.185
4.186
4.183
4.189
4.182
4.196
4.192
4.196
4.195
4.196
4.2
4.193
4.19
4.183
4.19
4.193
4.187
4.193
4.192
4.192
4.185
4.192
4.188
4.185
4.192
4.193
4.189
4.185
4.191
4.187
4.191
4.19
4.193
4.192
4.19
4.179
4.181
4.176
4.181
4.175
4.175
4.187
4.188
4.183
4.183
4.18
4.18
4.181
4.18
4.184
4.182
4.183
4.188
4.188
4.186
4.186
4.181
4.179
4.182
4.176
4.171
4.173
4.174
4.171
4.179
4.174
4.173
4.175
4.176
4.174
4.178
4.173
4.176
4.173
4.172
4.17
4.177
4.168
4.171
4.179
4.173
4.179
4.171
4.169
4.173
4.17
4.166
4.173
4.175
4.174
4.173
4.173
4.169
4.165
4.177
4.181
4.174
4.174
4.163
4.172
4.173
4.169
4.168
4.17
4.173
4.171
4.178
4.175
4.177
4.174
4.183
4.173
4.178
4.178
4.175
4.173
4.174
4.172
4.17
4.173
4.164
4.171
4.172
4.167
4.16
4.172
4.174
4.175
4.17
4.168
4.171
4.173
4.166
4.17
4.176
4.171
4.167
4.17
4.175
4.176
4.176
4.175
4.181
4.181
4.179
4.185
4.185
4.178
4.171
4.176
4.176
4.177
4.173
4.178
4.181
4.17
4.179
4.175
4.178
4.184
4.177
4.178
4.177
4.186
4.185
4.18
4.184
4.186
4.183
4.184
4.183
4.175
4.184
4.188
4.182
4.185
4.178
4.189
4.189
4.193
4.181
4.18
4.192
4.182
4.183
4.182
4.186
4.174
4.181
4.173
4.18
4.18
4.187
4.184
4.188
4.188
4.185
4.19
4.186
4.183
4.191
4.185
4.186
4.181
4.186
4.187
4.19
4.188
4.189
4.179
4.19
4.188
4.181
4.177
4.177
4.184
4.184
4.183
4.181
4.186
4.176
4.178
4.171
4.179
4.18
4.176
4.174
4.173
4.168
4.18
4.176
4.176
4.179
4.179
4.179
4.181
4.18
4.185
4.18
4.173
4.175
4.179
4.182
4.177
4.186
4.178
4.182
4.183
4.176
4.179
4.174
4.176
4.174
4.177
4.178
4.181
4.181
4.178
4.173
4.178
4.176
4.172
4.173
4.17
4.17
4.174
4.176
4.173
4.172
4.176
4.184
4.181
4.179
4.183
4.178
4.179
4.182
4.179
4.184
4.18
4.178
4.179
4.176
4.176
4.18
4.176
4.174
4.18
4.183
4.184
4.191
4.181
4.181
4.189
4.187
4.178
4.183
4.177
4.18
4.185
4.191
4.183
4.185
4.189
4.184
4.185
4.193
4.186
4.191
4.192
4.197
4.196
4.192
4.194
4.197
4.191
4.194
4.197
4.187
4.197
4.192
4.192
4.197
4.194
4.196
4.204
4.201
4.199
4.19
4.189
4.207
4.2
4.206
4.199
4.202
4.2
4.195
4.198
4.199
4.197
4.195
4.201
4.201
4.195
4.2
4.198
4.191
4.195
4.193
4.181
4.182
4.184
4.183
4.175
4.181
4.172
4.178
4.176
4.172
4.177
4.173
4.171
4.168
4.178
4.169
4.166
4.165
4.18
4.174
4.171
4.175
4.169
4.174
4.163
4.165
4.165
4.17
4.175
4.17
4.173
4.181
4.18
4.177
4.172
4.172
4.174
4.172
4.171
4.172
4.175
4.168
4.166
4.168
4.173
4.17
4.168
4.166
4.167
4.168
4.168
4.167
4.171
4.17
4.157
4.167
4.169
4.167
4.173
4.174
4.172
4.175
4.17
4.169
4.17
4.169
4.176
4.169
4.168
4.169
4.173
4.174
4.176
4.182
4.176
4.178
4.185
4.174
4.176
4.174
4.17
4.179
4.172
4.174
4.175
4.176
4.17
4.173
4.177
4.172
4.176
4.174
4.172
4.181
4.172
4.174
4.179
4.178
4.169
4.177
4.173
4.175
4.176
4.181
4.173
4.177
4.174
4.175
4.17
4.178
4.18
4.183
4.175
4.175
4.176
4.178
4.174
4.178
4.178
4.186
4.182
4.182
4.18
4.183
4.178
4.176
4.181
4.174
4.175
4.175
4.174
4.171
4.175
4.178
4.175
4.173
4.174
4.176
4.172
4.178
4.171
4.171
4.175
4.174
4.172
4.178
4.168
4.171
4.165
4.173
4.17
4.174
4.17
4.179
4.174
4.167
4.175
4.166
4.167
4.168
4.166
4.167
4.168
4.17
4.171
4.171
4.168
4.168
4.166
4.175
4.175
4.169
4.173
4.171
4.183
4.186
4.174
4.186
4.179
4.178
4.182
4.184
4.182
4.181
4.184
4.189
4.188
4.183
4.185
4.189
4.191
4.185
4.187
4.179
4.183
4.177
4.179
4.178
4.186
4.175
4.173
4.182
4.185
4.189
4.195
4.186
4.179
4.179
4.18
4.186
4.194
4.18
4.178
4.176
4.168
4.169
4.178
4.179
4.18
4.176
4.175
4.179
4.177
4.164
4.173
4.179
4.179
4.172
4.174
4.177
4.175
4.168
4.17
4.168
4.171
4.173
4.165
4.177
4.172
4.175
4.177
4.174
4.174
4.172
4.171
4.175
4.177
4.177
4.176
4.174
4.175
4.178
4.177
4.187
4.184
4.175
4.185
4.186
4.183
4.189
4.18
4.178
4.184
4.178
4.186
4.182
4.184
4.183
4.175
4.179
4.185
4.184
4.181
4.184
4.183
4.177
4.179
4.174
4.181
4.171
4.182
4.176
4.179
4.171
4.169
4.178
4.175
4.183
4.178
4.166
4.168
4.175
4.18
4.17
4.173
4.173
4.163
4.171
4.174
4.173
4.171
4.173
4.177
4.175
4.176
4.168
4.169
4.169
4.166
4.168
4.17
4.17
4.175
4.17
4.172
4.178
4.176
4.173
4.173
4.174
4.179
4.167
4.17
4.167
4.175
4.171
4.168
4.169
4.17
4.165
4.165
4.169
4.171
4.17
4.172
4.169
4.164
4.159
4.158
4.154
4.165
4.163
4.16
4.158
4.162
4.158
4.161
4.172
4.166
4.158
4.165
4.161
4.167
4.166
4.164
4.16
4.161
4.16
4.161
4.16
4.163
4.166
4.164
4.167
4.169
4.165
4.17
4.163
4.171
4.162
4.165
4.169
4.176
4.17
4.173
4.173
4.168
4.17
4.176
4.17
4.168
4.161
4.164
4.168
4.168
4.164
4.154
4.158
4.169
4.152
4.153
4.153
4.156
4.15
4.151
4.148
4.15
4.158
4.157
4.16
4.163
4.152
4.163
4.16
4.168
4.159
4.164
4.162
4.16
4.168
4.161
4.158
4.163
4.168
4.164
4.161
4.162
4.157
4.157
4.163
4.156
4.16
4.156
4.152
4.153
4.157
4.157
4.156
4.153
4.149
4.155
4.151
4.15
4.154
4.155
4.152
4.147
4.153
4.147
4.152
4.149
4.152
4.157
4.151
4.156
4.149
4.15
4.16
4.151
4.158
4.154
4.152
4.15
4.155
4.159
4.157
4.155
4.152
4.164
4.154
4.156
4.152
4.154
4.154
4.147
4.152
4.151
4.151
4.152
4.15
4.147
4.146
4.152
4.145
4.147
4.148
4.151
4.149
4.153
4.155
4.158
4.155
4.154
4.15
4.151
4.154
4.151
4.161
4.149
4.155
4.154
4.154
4.151
4.153
4.154
4.158
4.154
4.158
4.146
4.154
4.151
4.158
4.15
4.148
4.144
4.155
4.152
4.145
4.151
4.152
4.141
4.148
4.143
4.145
4.154
4.156
4.153
4.152
4.154
4.148
4.153
4.153
4.155
4.158
4.154
4.159
4.159
4.153
4.151
4.152
4.153
4.151
4.147
4.147
4.151
4.15
4.155
4.151
4.148
4.154
4.147
4.152
4.146
4.149
4.153
4.149
4.149
4.149
4.148
4.146
4.152
4.156
4.154
4.148
4.151
4.147
4.154
4.157
4.154
4.157
4.151
4.16
4.156
4.162
4.163
4.159
4.163
4.164
4.157
4.155
4.168
4.162
4.17
4.172
4.174
4.171
4.17
4.171
4.165
4.167
4.166
4.168
4.175
4.166
4.168
4.17
4.157
4.166
4.172
4.171
4.164
4.165
4.174
4.167
4.161
4.163
4.152
4.156
4.157
4.161
4.157
4.163
4.162
4.162
4.156
4.162
4.155
4.154
4.145
4.16
4.159
4.162
4.162
4.163
4.154
4.155
4.158
4.154
4.154
4.158
4.155
4.148
4.158
4.156
4.154
4.154
4.156
4.151
4.148
4.143
4.153
4.149
4.149
4.155
4.155
4.144
4.147
4.15
4.154
4.152
4.148
4.156
4.158
4.161
4.158
4.16
4.154
4.157
4.159
4.151
4.161
4.159
4.153
4.154
4.157
4.153
4.151
4.162
4.154
4.156
4.156
4.154
4.153
4.158
4.163
4.159
4.162
4.158
4.156
4.165
4.165
4.165
4.157
4.166
4.164
4.157
4.164
4.159
4.169
4.168
4.166
4.163
4.169
4.163
4.17
4.173
4.171
4.166
4.166
4.167
4.166
4.167
4.172
4.168
4.169
4.17
4.177
4.18
4.173
4.173
4.175
4.175
4.177
4.172
4.175
4.179
4.177
4.177
4.186
4.185
4.184
4.176
4.18
4.187
4.183
4.183
4.193
4.189
4.178
4.183
4.184
4.187
4.185
4.185
4.183
4.184
4.179
4.182
4.182
4.179
4.182
4.18
4.186
4.181
4.185
4.182
4.18
4.18
4.178
4.174
4.181
4.176
4.177
4.176
4.181
4.179
4.176
4.182
4.181
4.18
4.183
4.187
4.174
4.173
4.172
4.172
4.174
4.175
4.176
4.179
4.179
4.174
4.172
4.173
4.179
4.174
4.178
4.178
4.179
4.178
4.176
4.173
4.177
4.181
4.182
4.185
4.178
4.178
4.189
4.185
4.18
4.175
4.174
4.176
4.177
4.175
4.179
4.181
4.183
4.18
4.184
4.176
4.178
4.176
4.175
4.177
4.181
4.174
4.177
4.181
4.18
4.174
4.172
4.176
4.17
4.172
4.176
4.178
4.179
4.171
4.178
4.18
4.174
4.175
4.182
4.18
4.176
4.173
4.175
4.171
4.17
4.172
4.172
4.173
4.169
4.168
4.174
4.181
4.18
4.177
4.181
4.18
4.176
4.179
4.178
4.18
4.177
4.173
4.18
4.188
4.178
4.175
4.177
4.171
4.175
4.174
4.174
4.175
4.174
4.178
4.17
4.176
4.178
4.175
4.18
4.182
4.174
4.178
4.185
4.182
4.184
4.176
4.171
4.179
4.181
4.184
4.176
4.171
4.175
4.174
4.179
4.175
4.17
4.183
4.17
4.169
4.166
4.167
4.165
4.163
4.161
4.162
4.162
4.161
4.163
4.155
4.163
4.158
4.155
4.154
4.142
4.147
4.151
4.159
4.166
4.165
4.166
4.177
4.178
4.173
4.169
4.174
4.167
4.176
4.169
4.172
4.17
4.173
4.174
4.175
4.177
4.176
4.177
4.177
4.176
4.169
4.168
4.174
4.168
4.174
4.177
4.174
4.171
4.166
4.16
4.152
4.144
4.158
4.161
4.164
4.163
4.163
4.174
4.17
4.17
4.171
4.163
4.153
4.137
4.13
4.134
4.136
4.132
4.129
4.115
4.127
4.135
4.14
4.139
4.138
4.136
4.143
4.138
4.142
4.126
4.137
4.127
4.13
4.14
4.129
4.119
4.113
4.114
4.114
4.116
4.119
4.119
4.126
4.128
4.13
4.133
4.128
4.122
4.126
4.129
4.13
4.125
4.128
4.139
4.131
4.124
4.127
4.136
4.132
4.138
4.132
4.127
4.123
4.115
4.12
4.111
4.117
4.111
4.113
4.104
4.117
4.105
4.118
4.124
4.14
4.14
4.142
4.142
4.142
4.155
4.154
4.156
4.153
4.145
4.149
4.141
4.14
4.139
4.14
4.14
4.133
4.135
4.133
4.123
4.115
4.104
4.098
4.099
4.103
4.108
4.107
4.109
4.109
4.114
4.108
4.104
4.118
4.112
4.112
4.118
4.11
4.12
4.107
4.127
4.114
4.11
4.105
4.102
4.113
4.122
4.123
4.119
4.122
4.113
4.111
4.111
4.11
4.12
4.128
4.123
4.128
4.125
4.121
4.126
4.115
4.122
4.129
4.133
4.134
4.126
4.131
4.131
4.135
4.134
4.135
4.137
4.131
4.134
4.133
4.129
4.116
4.115
4.104
4.108
4.104
4.097
4.097
4.105
4.099
4.107
4.104
4.102
4.11
4.105
4.115
4.104
4.104
4.103
4.099
4.097
4.091
4.099
4.096
4.108
4.105
4.113
4.112
4.113
4.108
4.107
4.104
4.108
4.11
4.109
4.105
4.093
4.1
4.1
4.092
4.097
4.104
4.105
4.108
4.097
4.112
4.124
4.125
4.134
4.14
4.14
4.136
4.14
4.141
4.142
4.134
4.141
4.136
4.137
4.133
4.132
4.127
4.123
4.128
4.125
4.116
4.112
4.116
4.115
4.121
4.13
4.128
4.133
4.135
4.141
4.138
4.131
4.131
4.13
4.135
4.137
4.139
4.146
4.143
4.14
4.143
4.141
4.146
4.139
4.141
4.135
4.137
4.138
4.137
4.135
4.138
4.139
4.128
4.135
4.139
4.137
4.131
4.129
4.131
4.145
4.13
4.137
4.138
4.141
4.143
4.136
4.144
4.136
4.139
4.133
4.133
4.129
4.135
4.122
4.118
4.124
4.117
4.119
4.126
4.126
4.129
4.123
4.118
4.117
4.111
4.12
4.115
4.11
4.118
4.121
4.128
4.126
4.122
4.121
4.121
4.118
4.115
4.113
4.108
4.103
4.097
4.106
4.099
4.095
4.11
4.118
4.116
4.115
4.122
4.122
4.122
4.117
4.117
4.12
4.135
4.134
4.141
4.147
4.144
4.148
4.147
4.148
4.14
4.139
4.134
4.137
4.14
4.139
4.139
4.136
4.139
4.141
4.143
4.142
4.138
4.144
4.142
4.141
4.137
4.136
4.134
4.148
4.145
4.146
4.147
4.144
4.145
4.144
4.147
4.144
4.145
4.148
4.158
4.146
4.15
4.144
4.15
4.15
4.146
4.147
4.147
4.146
4.151
4.155
4.146
4.143
4.148
4.148
4.146
4.142
4.147
4.135
4.146
4.144
4.142
4.142
4.132
4.137
4.138
4.143
4.141
4.142
4.14
4.13
4.12
4.119
4.11
4.112
4.121
4.132
4.136
4.131
4.119
4.121
4.121
4.13
4.128
4.123
4.127
4.139
4.141
4.141
4.142
4.138
4.136
4.139
4.138
4.123
4.128
4.135
4.147
4.149
4.143
4.154
4.144
4.144
4.151
4.153
4.143
4.147
4.15
4.137
4.14
4.147
4.143
4.151
4.143
4.142
4.151
4.145
4.14
4.136
4.147
4.143
4.148
4.146
4.144
4.148
4.147
4.147
4.153
4.145
4.15
4.149
4.141
4.145
4.137
4.128
4.117
4.116
4.124
4.131
4.136
4.145
4.131
4.135
4.14
4.139
4.141
4.143
4.138
4.149
4.142
4.145
4.142
4.143
4.142
4.142
4.143
4.145
4.147
4.147
4.148
4.148
4.15
4.154
4.153
4.148
4.145
4.141
4.148
4.153
4.146
4.148
4.152
4.138
4.154
4.153
4.154
4.147
4.146
4.142
4.142
4.146
4.141
4.147
4.147
4.147
4.155
4.159
4.148
4.152
4.155
4.151
4.157
4.153
4.152
4.153
4.151
4.155
4.154
4.149
4.151
4.161
4.153
4.152
4.158
4.156
4.151
4.149
4.156
4.15
4.143
4.143
4.144
4.131
4.131
4.14
4.139
4.137
4.138
4.143
4.144
4.146
4.139
4.14
4.139
4.141
4.136
4.136
4.153
4.151
4.151
4.142
4.155
4.149
4.158
4.153
4.148
4.155
4.155
4.148
4.154
4.148
4.149
4.15
4.154
4.15
4.155
4.156
4.151
4.158
4.147
4.148
4.146
4.145
4.15
4.149
4.15
4.143
4.137
4.145
4.142
4.142
4.151
4.153
4.149
4.145
4.151
4.138
4.139
4.13
4.128
4.128
4.135
4.141
4.147
4.141
4.137
4.143
4.144
4.139
4.127
4.136
4.14
4.148
4.142
4.143
4.147
4.15
4.156
4.144
4.14
4.139
4.148
4.144
4.149
4.146
4.154
4.16
4.143
4.146
4.147
4.148
4.147
4.15
4.151
4.152
4.152
4.149
4.146
4.152
4.146
4.145
4.143
4.144
4.144
4.148
4.148
4.138
4.139
4.134
4.151
4.149
4.145
4.146
4.152
4.148
4.148
4.152
4.153
4.148
4.153
4.146
4.151
4.147
4.142
4.137
4.146
4.146
4.149
4.152
4.147
4.139
4.149
4.15
4.144
4.14
4.135
4.144
4.151
4.154
4.148
4.157
4.155
4.149
4.147
4.143
4.149
4.152
4.155
4.159
4.157
4.155
4.155
4.15
4.146
4.147
4.144
4.15
4.153
4.152
4.154
4.156
4.153
4.143
4.147
4.15
4.145
4.15
4.141
4.149
4.149
4.15
4.152
4.149
4.146
4.154
4.153
4.15
4.152
4.152
4.155
4.159
4.147
4.154
4.15
4.157
4.151
4.149
4.152
4.155
4.154
4.154
4.146
4.152
4.154
4.157
4.152
4.153
4.155
4.153
4.154
4.153
4.156
4.159
4.153
4.151
4.159
4.155
4.157
4.154
4.163
4.16
4.163
4.159
4.16
4.161
4.156
4.155
4.149
4.158
4.162
4.156
4.153
4.151
4.155
4.146
4.149
4.146
4.15
4.153
4.153
4.155
4.142
4.147
4.143
4.148
4.159
4.153
4.155
4.157
4.155
4.152
4.16
4.155
4.16
4.151
4.146
4.149
4.151
4.153
4.156
4.152
4.144
4.148
4.149
4.15
4.149
4.145
4.147
4.146
4.148
4.142
4.147
4.147
4.143
4.148
4.142
4.15
4.15
4.146
4.147
4.157
4.153
4.154
4.152
4.155
4.152
4.152
4.147
4.148
4.152
4.163
4.152
4.154
4.153
4.155
4.151
4.153
4.154
4.148
4.152
4.152
4.155
4.149
4.15
4.146
4.149
4.153
4.158
4.154
4.154
4.149
4.149
4.152
4.153
4.153
4.154
4.155
4.148
4.157
4.153
4.154
4.158
4.157
4.153
4.144
4.155
4.151
4.149
4.152
4.144
4.149
4.145
4.15
4.146
4.153
4.155
4.155
4.148
4.153
4.155
4.154
4.149
4.163
4.156
4.152
4.156
4.153
4.157
4.155
4.148
4.156
4.157
4.157
4.15
4.157
4.16
4.149
4.151
4.154
4.153
4.142
4.153
4.152
4.147
4.157
4.152
4.151
4.151
4.155
4.152
4.152
4.152
4.156
4.16
4.159
4.157
4.153
4.155
4.15
4.152
4.155
4.15
4.144
4.147
4.154
4.156
4.155
4.152
4.15
4.156
4.152
4.153
4.154
4.153
4.149
4.15
4.15
4.15
4.145
4.144
4.142
4.141
4.145
4.144
4.15
4.147
4.152
4.158
4.155
4.151
4.157
4.159
4.151
4.146
4.156
4.162
4.152
4.151
4.146
4.15
4.151
4.156
4.152
4.153
4.159
4.158
4.157
4.159
4.149
4.154
4.162
4.161
4.157
4.154
4.152
4.161
4.155
4.16
4.158
4.153
4.161
4.161
4.159
4.146
4.152
4.152
4.149
4.157
4.154
4.149
4.151
4.156
4.156
4.151
4.155
4.154
4.16
4.152
4.152
4.15
4.141
4.146
4.158
4.156
4.161
4.157
4.161
4.165
4.156
4.16
4.158
4.16
4.158
4.161
4.158
4.166
4.153
4.159
4.156
4.152
4.159
4.158
4.157
4.16
4.161
4.145
4.153
4.154
4.155
4.15
4.159
4.157
4.16
4.16
4.16
4.158
4.157
4.152
4.161
4.152
4.154
4.155
4.158
4.155
4.154
4.155
4.16
4.164
4.157
4.159
4.156
4.155
4.163
4.157
4.156
4.15
4.158
4.151
4.149
4.152
4.152
4.16
4.147
4.156
4.152
4.149
4.148
4.145
4.144
4.144
4.138
4.135
4.131
4.133
4.13
4.123
4.135
4.149
4.145
4.139
4.15
4.143
4.148
4.151
4.15
4.146
4.146
4.15
4.144
4.156
4.153
4.15
4.153
4.147
4.149
4.154
4.152
4.147
4.152
4.147
4.151
4.152
4.144
4.154
4.151
4.147
4.16
4.158
4.15
4.15
4.154
4.157
4.15
4.15
4.153
4.148
4.148
4.148
4.154
4.145
4.141
4.14
4.144
4.142
4.145
4.137
4.141
4.145
4.147
4.144
4.142
4.144
4.15
4.155
4.148
4.158
4.155
4.15
4.15
4.154
4.156
4.159
4.158
4.156
4.156
4.16
4.154
4.166
4.167
4.16
4.172
4.165
4.17
4.165
4.168
4.166
4.174
4.174
4.173
4.17
4.17
4.168
4.169
4.174
4.165
4.169
4.172
4.166
4.164
4.167
4.171
4.168
4.161
4.162
4.169
4.165
4.164
4.165
4.163
4.165
4.157
4.159
4.171
4.169
4.165
4.163
4.16
4.159
4.159
4.154
4.162
4.159
4.161
4.162
4.153
4.161
4.163
4.164
4.164
4.17
4.166
4.17
4.168
4.173
4.177
4.165
4.178
4.175
4.173
4.173
4.178
4.172
4.175
4.176
4.176
4.177
4.179
4.18
4.185
4.187
4.187
4.188
4.186
4.181
4.184
4.185
4.181
4.187
4.183
4.183
4.182
4.187
4.18
4.179
4.178
4.173
4.176
4.166
4.175
4.176
4.175
4.185
4.179
4.173
4.181
4.183
4.181
4.177
4.184
4.182
4.186
4.181
4.181
4.19
4.186
4.184
4.18
4.178
4.178
4.189
4.188
4.179
4.182
4.176
4.171
4.188
4.177
4.177
4.184
4.18
4.177
4.171
4.169
4.172
4.177
4.168
4.172
4.177
4.173
4.173
4.178
4.185
4.188
4.188
4.192
4.188
4.19
4.187
4.188
4.189
4.185
4.188
4.186
4.187
4.187
4.183
4.194
4.189
4.188
4.191
4.187
4.183
4.173
4.181
4.178
4.177
4.191
4.183
4.183
4.179
4.183
4.186
4.182
4.175
4.175
4.179
4.18
4.18
4.183
4.181
4.182
4.187
4.182
4.185
4.183
4.178
4.183
4.179
4.171
4.17
4.172
4.168
4.166
4.16
4.16
4.16
4.159
4.155
4.155
4.163
4.158
4.154
4.16
4.155
4.159
4.158
4.15
4.145
4.147
4.153
4.15
4.159
4.16
4.159
4.158
4.158
4.151
4.15
4.15
4.151
4.158
4.157
4.159
4.16
4.155
4.164
4.152
4.157
4.161
4.152
4.151
4.147
4.143
4.143
4.143
4.138
4.14
4.148
4.148
4.142
4.14
4.137
4.13
4.129
4.135
4.15
4.151
4.161
4.167
4.167
4.169
4.166
4.161
4.152
4.156
4.159
4.159
4.174
4.172
4.172
4.169
4.175
4.174
4.181
4.172
4.167
4.17
4.174
4.177
4.179
4.179
4.181
4.183
4.182
4.176
4.173
4.175
4.179
4.175
4.172
4.171
4.178
4.167
4.171
4.164
4.169
4.167
4.165
4.162
4.162
4.164
4.158
4.16
4.156
4.159
4.149
4.155
4.16
4.165
4.169
4.165
4.173
4.166
4.165
4.168
4.169
4.171
4.169
4.154
4.168
4.16
4.166
4.157
4.161
4.155
4.168
4.165
4.162
4.152
4.156
4.159
4.161
4.168
4.162
4.157
4.163
4.165
4.16
4.157
4.165
4.156
4.15
4.143
4.144
4.146
4.145
4.143
4.139
4.142
4.152
4.156
4.156
4.161
4.152
4.158
4.154
4.155
4.144
4.149
4.144
4.146
4.144
4.143
4.142
4.145
4.146
4.154
4.147
4.142
4.138
4.151
4.144
4.134
4.137
4.132
4.126
4.135
4.124
4.11
4.113
4.124
4.134
4.133
4.131
4.134
4.132
4.133
4.139
4.142
4.146
4.153
4.153
4.148
4.154
4.15
4.147
4.148
4.15
4.15
4.15
4.143
4.14
4.137
4.141
4.142
4.142
4.141
4.148
4.145
4.157
4.147
4.149
4.144
4.15
4.15
4.151
4.149
4.146
4.153
4.158
4.153
4.152
4.152
4.146
4.15
4.152
4.148
4.147
4.154
4.151
4.157
4.154
4.162
4.155
4.154
4.156
4.155
4.155
4.157
4.152
4.157
4.155
4.156
4.149
4.153
4.149
4.15
4.151
4.151
4.141
4.149
4.146
4.138
4.14
4.136
4.133
4.146
4.133
4.135
4.136
4.133
4.132
4.132
4.13
4.139
4.139
4.138
4.137
4.142
4.139
4.144
4.144
4.14
4.144
4.144
4.157
4.146
4.149
4.148
4.148
4.152
4.149
4.154
4.145
4.145
4.152
4.144
4.153
4.143
4.145
4.132
4.135
4.137
4.136
4.144
4.144
4.154
4.148
4.143
4.128
4.132
4.133
4.137
4.141
4.144
4.147
4.149
4.148
4.153
4.153
4.153
4.145
4.147
4.145
4.142
4.139
4.133
4.14
4.142
4.142
4.144
4.143
4.15
4.143
4.15
4.156
4.159
4.155
4.154
4.152
4.15
4.154
4.147
4.15
4.155
4.15
4.155
4.151
4.157
4.148
4.151
4.154
4.144
4.144
4.137
4.148
4.148
4.15
4.144
4.133
4.137
4.141
4.142
4.144
4.143
4.144
4.139
4.143
4.15
4.144
4.145
4.144
4.141
4.145
4.15
4.158
4.155
4.142
4.14
4.134
4.141
4.14
4.144
4.147
4.148
4.147
4.151
4.148
4.154
4.141
4.142
4.138
4.136
4.135
4.143
4.136
4.132
4.133
4.138
4.14
4.131
4.127
4.118
4.121
4.129
4.131
4.128
4.127
4.127
4.132
4.132
4.13
4.123
4.127
4.12
4.124
4.128
4.126
4.121
4.13
4.125
4.125
4.116
4.123
4.127
4.133
4.123
4.122
4.121
4.129
4.123
4.125
4.128
4.12
4.12
4.128
4.129
4.122
4.129
4.126
4.121
4.121
4.126
4.122
4.13
4.13
4.12
4.13
4.13
4.13
4.129
4.136
4.134
4.129
4.132
4.115
4.121
4.122
4.122
4.123
4.131
4.13
4.128
4.131
4.134
4.132
4.126
4.127
4.131
4.13
4.131
4.136
4.13
4.131
4.124
4.134
4.135
4.141
4.139
4.134
4.145
4.142
4.141
4.136
4.138
4.14
4.141
4.135
4.132
4.142
4.136
4.142
4.139
4.138
4.139
4.143
4.14
4.145
4.144
4.135
4.139
4.142
4.135
4.131
4.131
4.132
4.134
4.136
4.13
4.133
4.129
4.136
4.144
4.148
4.141
4.144
4.145
4.144
4.142
4.135
4.134
4.143
4.142
4.145
4.149
4.14
4.133
4.138
4.136
4.134
4.142
4.141
4.134
4.135
4.139
4.137
4.134
4.135
4.133
4.129
4.126
4.128
4.13
4.128
4.122
4.126
4.125
4.118
4.124
4.119
4.124
4.116
4.121
4.123
4.123
4.123
4.127
4.128
4.126
4.126
4.129
4.119
4.122
4.117
4.122
4.123
4.115
4.125
4.122
4.123
4.121
4.126
4.123
4.121
4.124
4.122
4.121
4.127
4.126
4.129
4.118
4.125
4.126
4.129
4.123
4.125
4.115
4.115
4.119
4.128
4.129
4.127
4.125
4.127
4.133
4.131
4.126
4.13
4.125
4.134
4.129
4.127
4.129
4.131
4.129
4.133
4.131
4.128
4.131
4.127
4.13
4.128
4.126
4.129
4.116
4.12
4.12
4.121
4.117
4.122
4.111
4.113
4.122
4.133
4.133
4.131
4.129
4.13
4.143
4.13
4.136
4.131
4.13
4.127
4.13
4.126
