[134.765] ----BEGIN_DATA----
-0.005948,
-0.004195,
-0.002320,
0.000586,
0.003024,
0.003987,
0.003018,
0.000537,
-0.002290,
-0.003987,
-0.005301,
-0.005809,
-0.005260,
-0.005134,
-0.004079,
-0.002809,
-0.000083,
0.002640,
0.004079,
0.003610,
0.001480,
-0.001376,
-0.003230,
-0.005120,
-0.004726,
-0.002800,
-0.000972,
0.001834,
0.003811,
0.004065,
0.002439,
-0.000359,
-0.003007,
-0.004065,
-0.004991,
-0.004940,
-0.004608,
-0.004726,
-0.003858,
-0.002895,
-0.000308,
0.002483,
0.003858,
0.003682,
0.001782,
-0.000968,
-0.002837,
-0.004382,
-0.004407,
-0.002542,
-0.000792,
0.001886,
0.003738,
0.003907,
0.002273,
-0.000454,
-0.002977,
-0.003907,
-0.004750,
-0.004628,
-0.004476,
-0.004576,
-0.003750,
-0.002838,
-0.000403,
0.002209,
0.003750,
0.003552,
0.001748,
-0.000826,
-0.002511,
-0.004291,
-0.004112,
-0.002452,
-0.000859,
0.001570,
0.003305,
0.003542,
0.002129,
-0.000325,
-0.002644,
-0.003542,
-0.004349,
-0.004286,
-0.004008,
-0.004038,
-0.003267,
-0.002408,
-0.000248,
0.002006,
0.003267,
0.002996,
0.001360,
-0.000878,
-0.002351,
-0.003861,
-0.003500,
-0.002170,
-0.000846,
0.001157,
0.002651,
0.002934,
0.001832,
-0.000191,
-0.002150,
-0.002934,
-0.003645,
-0.003631,
-0.003159,
-0.003176,
-0.002549,
-0.001876,
-0.000158,
0.001605,
0.002549,
0.002277,
0.000968,
-0.000752,
-0.001898,
-0.003026,
-0.002440,
-0.001532,
-0.000592,
0.000805,
0.001886,
0.002114,
0.001321,
-0.000162,
-0.001596,
-0.002114,
-0.002629,
-0.002582,
-0.001906,
-0.002014,
-0.001640,
-0.001322,
-0.000210,
0.000982,
0.001640,
0.001495,
0.000686,
-0.000352,
-0.001067,
-0.001740,
-0.000947,
-0.000514,
-0.000041,
0.000613,
0.001111,
0.001137,
0.000592,
-0.000304,
-0.001065,
-0.001137,
-0.001339,
-0.001139,
-0.000253,
-0.000576,
-0.000572,
-0.000788,
-0.000402,
0.000198,
0.000654,
0.000788,
0.000639,
0.000395,
0.000179,
-0.000007,
0.000905,
0.000847,
0.000800,
0.000622,
0.000393,
0.000065,
-0.000490,
-0.000800,
-0.000792,
-0.000251,
-0.000074,
0.000600,
0.001325,
0.000668,
0.000212,
-0.000685,
-0.001096,
-0.001061,
-0.000695,
-0.000139,
0.000490,
0.001096,
0.001410,
0.001704,
0.002720,
0.002201,
0.001625,
0.000597,
-0.000446,
-0.001259,
-0.001625,
-0.001407,
-0.000594,
0.000681,
0.001389,
0.002247,
0.002729,
0.001763,
0.000861,
-0.000536,
-0.001747,
-0.002196,
-0.001800,
-0.000708,
0.000755,
0.002196,
0.003028,
0.003755,
0.004770,
0.003851,
0.002777,
0.000944,
-0.000936,
-0.002324,
-0.002777,
-0.002123,
-0.000527,
0.001548,
0.002785,
0.004102,
0.004969,
0.003410,
0.001910,
-0.000566,
-0.002529,
-0.003363,
-0.002831,
-0.001137,
0.001155,
0.003363,
0.004669,
0.005763,
0.006718,
0.005481,
0.003966,
0.001420,
-0.001258,
-0.003334,
-0.003966,
-0.002982,
-0.000681,
0.002184,
0.004016,
0.005820,
0.006512,
0.004473,
0.002477,
-0.000759,
-0.003366,
-0.004471,
-0.003723,
-0.001426,
0.001618,
0.004471,
0.006176,
0.007536,
0.008427,
0.006654,
0.004848,
0.001724,
-0.001651,
-0.004227,
-0.004848,
-0.003648,
-0.000768,
0.002813,
0.005030,
0.007297,
0.007892,
0.005418,
0.003000,
-0.000893,
-0.004007,
-0.005272,
-0.004276,
-0.001435,
0.002240,
0.005272,
0.007200,
0.008608,
0.009574,
0.007964,
0.005836,
0.002280,
-0.001652,
-0.004725,
-0.005836,
-0.004524,
-0.001209,
0.002960,
0.005554,
0.008213,
0.008588,
0.005770,
0.003030,
-0.001367,
-0.004840,
-0.006176,
-0.004954,
-0.001680,
0.002463,
0.006176,
0.008394,
0.010051,
0.010424,
0.008736,
0.006450,
0.002620,
-0.001691,
-0.005131,
-0.006450,
-0.005106,
-0.001512,
0.003298,
0.006211,
0.009256,
0.010870,
0.007779,
0.004750,
-0.000300,
-0.004308,
-0.006411,
-0.005564,
-0.002270,
0.002256,
0.006411,
0.009217,
0.011376,
0.011490,
0.009259,
0.006414,
0.002176,
-0.002355,
-0.005637,
-0.006414,
-0.004222,
-0.000113,
0.004983,
0.008062,
0.011189,
0.011267,
0.008140,
0.005057,
-0.000046,
-0.004173,
-0.006387,
-0.005638,
-0.002379,
0.002145,
0.006387,
0.009233,
0.011476,
0.011302,
0.009087,
0.006281,
0.002096,
-0.002356,
-0.005555,
-0.006281,
-0.004085,
-0.000007,
0.005032,
0.008074,
0.011161,
0.011292,
0.008289,
0.005327,
0.000418,
-0.003561,
-0.005713,
-0.005024,
-0.001922,
0.002408,
0.005713,
0.008256,
0.010099,
0.010584,
0.008482,
0.005847,
0.001906,
-0.002247,
-0.005206,
-0.005847,
-0.003765,
0.000061,
0.004591,
0.007386,
0.010190,
0.008697,
0.005995,
0.003349,
-0.000917,
-0.004341,
-0.005757,
-0.004735,
-0.001728,
0.002173,
0.005757,
0.007891,
0.009523,
0.008638,
0.007232,
0.005300,
0.002236,
-0.001447,
-0.004302,
-0.005300,
-0.004004,
-0.000814,
0.003191,
0.005670,
0.008218,
0.007431,
0.005080,
0.002792,
-0.000910,
-0.003860,
-0.005068,
-0.004155,
-0.001517,
0.001906,
0.005068,
0.006950,
0.008403,
0.007744,
0.006368,
0.004625,
0.001695,
-0.001482,
-0.003848,
-0.004625,
-0.003480,
-0.000772,
0.002655,
0.004732,
0.006858,
0.006174,
0.004302,
0.002459,
-0.000545,
-0.002992,
-0.004080,
-0.003465,
-0.001404,
0.001390,
0.004080,
0.005678,
0.006985,
0.006182,
0.004946,
0.003504,
0.001072,
-0.001364,
-0.003082,
-0.003504,
-0.002467,
-0.000292,
0.002316,
0.003906,
0.005499,
0.004868,
0.003571,
0.002120,
-0.000068,
-0.001954,
-0.002943,
-0.002728,
-0.001253,
0.000793,
0.002943,
0.004215,
0.005368,
0.001514,
-0.000269,
-0.001726,
-0.004059,
-0.005275,
-0.004822,
-0.002776,
0.000232,
0.003242,
0.005275,
0.006532,
0.007173,
0.007170,
0.006412,
0.005013,
0.002628,
-0.000272,
-0.003251,
-0.005013,
-0.004988,
-0.003230,
-0.000418,
0.001315,
0.003312,
0.003762,
0.001683,
-0.000155,
-0.003143,
-0.005094,
-0.005279,
-0.003591,
-0.000585,
0.002743,
0.005279,
0.006850,
0.007839,
0.007947,
0.006952,
0.005364,
0.002799,
-0.000578,
-0.003636,
-0.005364,
-0.005194,
-0.003231,
-0.000212,
0.001646,
0.003751,
0.003385,
0.001298,
-0.000523,
-0.003477,
-0.005339,
-0.005396,
-0.003578,
-0.000475,
0.002891,
0.005396,
0.006946,
0.007886,
0.007725,
0.006883,
0.005414,
0.003042,
-0.000255,
-0.003379,
-0.005304,
-0.005414,
-0.003728,
-0.000913,
0.000828,
0.002859,
0.002250,
0.000313,
-0.001308,
-0.003921,
-0.005380,
-0.005083,
-0.003066,
0.000032,
0.003197,
0.005380,
0.006733,
0.007449,
0.007035,
0.006464,
0.005255,
0.003306,
0.000331,
-0.002688,
-0.004768,
-0.005255,
-0.004054,
-0.001692,
-0.000221,
0.001587,
0.000934,
-0.000714,
-0.002015,
-0.004090,
-0.005021,
-0.004369,
-0.002275,
0.000607,
0.003339,
0.005021,
0.006069,
0.006489,
0.005827,
0.005557,
0.004683,
0.003287,
0.000845,
-0.001841,
-0.003897,
-0.004683,
-0.004019,
-0.002255,
-0.001141,
0.000323,
-0.000211,
-0.001472,
-0.002391,
-0.003832,
-0.004248,
-0.003371,
-0.001409,
0.001028,
0.003145,
0.004248,
0.004944,
0.005074,
0.004238,
0.004235,
0.003717,
0.002909,
0.001147,
-0.000987,
-0.002796,
-0.003717,
-0.003526,
-0.002410,
-0.001690,
-0.000646,
-0.000971,
-0.001789,
-0.002315,
-0.003113,
-0.003114,
-0.002198,
-0.000598,
0.001192,
0.002582,
0.003114,
0.003461,
0.003362,
0.002535,
0.002712,
0.002521,
0.002243,
0.001231,
-0.000176,
-0.001514,
-0.002369,
-0.002521,
-0.002024,
-0.001686,
-0.001099,
-0.001112,
-0.001472,
-0.001637,
-0.001858,
-0.001808,
-0.001068,
-0.000040,
0.000958,
0.001595,
0.001858,
0.001911,
0.001685,
0.000779,
0.001023,
0.001086,
0.001219,
0.000944,
0.000372,
-0.000305,
-0.000878,
-0.001196,
-0.001219,
-0.001209,
-0.001070,
-0.000864,
-0.000798,
-0.000675,
-0.000447,
-0.000121,
0.000237,
0.000532,
0.000675,
0.000611,
0.000334,
0.000183,
-0.000048,
-0.000972,
-0.000784,
-0.000570,
-0.000194,
0.000180,
0.000462,
0.000570,
0.000470,
0.000182,
-0.000210,
-0.000442,
-0.000697,
-0.000216,
0.000205,
0.000518,
0.001031,
0.001237,
0.001050,
0.000529,
-0.000159,
-0.000805,
-0.001237,
-0.001485,
-0.001602,
-0.002205,
-0.002181,
-0.001920,
-0.001471,
-0.000588,
0.000488,
0.001422,
0.001920,
0.001834,
0.001240,
0.000867,
0.000302,
0.000866,
0.001547,
0.001952,
0.002581,
0.002513,
0.001692,
0.000356,
-0.001074,
-0.002152,
-0.002581,
-0.002830,
-0.002744,
-0.003240,
-0.003452,
-0.003234,
-0.002861,
-0.001631,
0.000118,
0.001838,
0.002987,
0.003234,
0.002605,
0.002191,
0.001416,
0.001976,
0.002817,
0.003222,
0.003820,
0.003382,
0.001915,
-0.000157,
-0.002183,
-0.003527,
-0.003820,
-0.003991,
-0.003648,
-0.003831,
-0.004310,
-0.004200,
-0.004008,
-0.002585,
-0.000322,
0.002071,
0.003556,
0.004200,
0.003661,
0.003211,
0.002208,
0.003089,
0.003990,
0.004326,
0.004786,
0.003938,
0.001883,
-0.000789,
-0.003242,
-0.004708,
-0.004786,
-0.004826,
-0.004213,
-0.004352,
-0.005091,
-0.005124,
-0.005168,
-0.003689,
-0.001089,
0.001820,
0.004126,
0.005168,
0.004806,
0.004520,
0.003615,
0.004283,
0.004791,
0.005095,
0.005350,
0.004126,
0.001603,
-0.001189,
-0.003889,
-0.005350,
-0.005178,
-0.005067,
-0.004209,
-0.004313,
-0.005275,
-0.005460,
-0.005753,
-0.004333,
-0.001575,
0.001662,
0.004365,
0.005753,
0.005611,
0.005448,
0.004587,
0.004962,
0.005781,
0.005881,
0.005911,
0.004383,
0.001547,
-0.001779,
-0.004552,
-0.005911,
-0.005500,
-0.005245,
-0.004196,
-0.004057,
-0.005173,
-0.005492,
-0.006008,
-0.004729,
-0.001986,
0.001374,
0.004294,
0.005932,
0.006008,
0.005969,
0.005200,
0.005146,
0.005923,
0.005943,
0.005770,
0.004215,
0.001260,
-0.002080,
-0.004756,
-0.005943,
-0.005342,
-0.004970,
-0.003811,
-0.003542,
-0.004718,
-0.005128,
-0.005791,
-0.004701,
-0.002124,
0.001150,
0.003777,
0.005534,
0.005791,
0.005785,
0.005005,
0.005297,
0.005879,
0.005763,
0.005162,
0.003400,
0.000526,
-0.002625,
-0.005062,
-0.005763,
-0.005053,
-0.004613,
-0.003441,
-0.003154,
-0.004293,
-0.004745,
-0.005475,
-0.004610,
-0.002343,
0.000634,
0.003382,
0.005105,
0.005475,
0.005621,
0.005106,
0.004819,
0.005269,
0.005102,
0.004707,
0.003061,
0.000483,
-0.002277,
-0.004350,
-0.005102,
-0.004381,
-0.003932,
-0.002850,
-0.002523,
-0.003522,
-0.003952,
-0.004639,
-0.003995,
-0.002142,
0.000358,
0.002718,
0.004244,
0.004639,
0.004814,
0.004425,
0.003935,
0.004263,
0.004090,
0.003714,
0.002342,
0.000247,
-0.001952,
-0.003559,
-0.004090,
-0.003455,
-0.003055,
-0.002159,
-0.001779,
-0.002550,
-0.002906,
-0.003466,
-0.003042,
-0.001700,
0.000161,
0.001951,
0.003131,
0.003466,
0.003626,
0.003354,
0.002703,
0.002921,
0.002787,
0.002513,
0.001551,
0.000100,
-0.001398,
-0.002466,
-0.002787,
-0.002323,
-0.002024,
-0.001395,
-0.000978,
-0.001455,
-0.001692,
-0.002053,
-0.001840,
-0.001066,
0.000042,
0.001127,
0.001850,
0.002053,
0.002154,
0.001987,
-0.000788,
-0.000443,
-0.000064,
0.000657,
0.001471,
0.002050,
0.002877,
0.003658,
0.004361,
0.004956,
0.005680,
0.005988,
0.006123,
0.006076,
0.005842,
0.005426,
0.004839,
0.004096,
0.003220,
0.002241,
0.001191,
0.000103,
-0.001109,
-0.002162,
-0.003145,
-0.004027,
-0.004848,
-0.005340,
-0.005767,
-0.006021,
-0.006123,
-0.006024,
-0.005866,
-0.005641,
-0.005345,
-0.004281,
-0.003170,
-0.001983,
-0.001217,
-0.000087,
0.000473,
0.000742,
0.000818,
0.000933,
0.000673,
0.000127,
-0.000435,
-0.000834,
-0.000933,
0.000134,
0.000525,
0.001120,
0.001340,
0.000678,
0.000224,
-0.001109,
-0.001215,
-0.000984,
-0.000471,
0.000184,
0.000832,
0.001215,
0.001431,
0.001490,
0.001723,
0.001571,
0.001275,
0.000764,
0.000059,
-0.000634,
-0.001111,
-0.001275,
-0.001100,
0.000287,
0.000792,
0.001480,
0.002850,
0.001872,
0.001233,
-0.000076,
-0.001233,
-0.001188,
-0.000832,
-0.000285,
0.000397,
0.000956,
0.001281,
0.001467,
0.001282,
0.001079,
0.000740,
0.000160,
-0.000535,
-0.001116,
-0.001299,
-0.000907,
0.000038,
0.001299,
0.002051,
0.002884,
0.002750,
0.001908,
0.001179,
-0.000051,
-0.000904,
-0.001179,
-0.000898,
-0.000274,
0.000395,
0.000893,
0.001182,
0.001314,
0.001500,
0.001422,
0.001178,
0.000749,
0.000117,
-0.000506,
-0.000987,
-0.001178,
-0.000175,
0.001075,
0.001705,
0.002679,
0.001314,
0.000644,
0.000188,
-0.001162,
-0.001278,
-0.001058,
-0.000547,
0.000125,
0.000814,
0.001278,
0.001541,
0.001658,
0.001568,
0.001460,
0.001215,
0.000777,
0.000128,
-0.000508,
-0.000998,
-0.001215,
-0.001114,
0.000159,
0.000588,
0.001221,
-0.000205,
-0.000459,
-0.000655,
-0.001035,
-0.001119,
-0.000908,
-0.000449,
0.000138,
0.000730,
0.001119,
0.001335,
0.001422,
0.001065,
0.001079,
0.000961,
0.000734,
0.000257,
-0.000262,
-0.000709,
-0.000961,
-0.000946,
-0.000622,
-0.000459,
-0.000240,
0.000053,
-0.000068,
-0.000128,
-0.000252,
-0.000246,
-0.000140,
0.000010,
0.000145,
0.000227,
0.000252,
0.000256,
0.000235,
0.000349,
0.000343,
0.000286,
0.000223,
0.000121,
-0.000020,
-0.000173,
-0.000256,
-0.000286,
-0.000202,
-0.000163,
-0.000070,
-0.000075,
-0.000151,
-0.000184,
-0.000253,
-0.000228,
-0.000133,
-0.000008,
0.000108,
0.000194,
0.000253,
0.000276,
0.000286,
0.000226,
0.000211,
0.000190,
0.000136,
0.000067,
-0.000021,
-0.000113,
-0.000180,
-0.000190,
-0.000126,
-0.000096,
-0.000031,
0.000032,
-0.000024,
-0.000056,
-0.000120,
-0.000130,
-0.000096,
-0.000039,
0.000022,
0.000078,
0.000130,
0.000152,
0.000172,
0.000129,
0.000103,
0.000078,
0.000026,
-0.000019,
-0.000056,
-0.000078,
-0.000075,
-0.000041,
0.000028,
0.000064,
0.000113,
0.000184,
0.000138,
0.000096,
0.000019,
-0.000044,
-0.000083,
-0.000096,
-0.000082,
-0.000044,
0.000011,
0.000041,
0.000075,
0.000021,
-0.000023,
-0.000059,
-0.000120,
-0.000155,
-0.000150,
-0.000105,
-0.000027,
0.000066,
0.000155,
0.000205,
0.000249,
0.000337,
0.000293,
0.000232,
0.000129,
0.000005,
-0.000109,
-0.000184,
-0.000232,
-0.000198,
-0.000127,
-0.000089,
-0.000047,
-0.000037,
-0.000102,
-0.000155,
-0.000238,
-0.000276,
-0.000245,
-0.000145,
0.000003,
0.000157,
0.000276,
0.000346,
0.000393,
0.000477,
0.000426,
0.000343,
0.000207,
0.000023,
-0.000156,
-0.000278,
-0.000343,
-0.000299,
-0.000203,
-0.000147,
-0.000082,
-0.000226,
-0.000314,
-0.000389,
-0.000501,
-0.000556,
-0.000514,
-0.000374,
0.000134,
0.000469,
0.000556,
0.000739,
0.000945,
0.001755,
0.001369,
0.001045,
0.000787,
0.000202,
-0.000617,
-0.000928,
-0.001045,
-0.000922,
-0.000586,
-0.000414,
-0.000104,
-0.000525,
-0.000854,
-0.001036,
-0.001442,
-0.001497,
-0.001388,
-0.000371,
0.000539,
0.001200,
0.001497,
0.002032,
0.001627,
0.001147,
0.001465,
0.001501,
0.001604,
0.001122,
0.000251,
-0.000723,
-0.001395,
-0.001604,
-0.001357,
-0.001184,
-0.000763,
-0.000748,
-0.001163,
-0.001376,
-0.001672,
-0.001484,
-0.000791,
0.000198,
0.001136,
0.001672,
0.001588,
0.001565,
0.001243,
0.001337,
0.001664,
0.001674,
0.001742,
0.001161,
0.000168,
-0.000864,
-0.001572,
-0.001742,
-0.001405,
-0.001165,
-0.000716,
-0.000686,
-0.001163,
-0.001425,
-0.001796,
-0.001643,
-0.000926,
0.000138,
0.001176,
0.001796,
0.001746,
0.001748,
0.001421,
0.001492,
0.001814,
0.001800,
0.001832,
0.001180,
0.000110,
-0.000976,
-0.001695,
-0.001832,
-0.001432,
-0.001153,
-0.000655,
-0.000620,
-0.001131,
-0.001424,
-0.001846,
-0.001726,
-0.001013,
0.000081,
0.001170,
0.001846,
0.001834,
0.001861,
0.001547,
0.001576,
0.001878,
0.001839,
0.001834,
0.001146,
0.000053,
-0.001035,
-0.001735,
-0.001839,
-0.001404,
-0.001103,
-0.000586,
-0.000559,
-0.001073,
-0.001377,
-0.001819,
-0.001728,
-0.001046,
0.000023,
0.001106,
0.001797,
0.001819,
0.001866,
0.001579,
0.001555,
0.001826,
0.001772,
0.001738,
0.001057,
0.000000,
-0.001037,
-0.001693,
-0.001772,
-0.001332,
-0.001032,
-0.000526,
-0.000819,
-0.001228,
-0.001471,
-0.001709,
-0.001639,
-0.001014,
-0.000020,
0.000998,
0.001663,
0.001709,
0.001769,
0.001520,
0.001462,
0.001690,
0.001627,
0.001571,
0.000935,
-0.000032,
-0.000973,
-0.001563,
-0.001627,
-0.001219,
-0.000942,
-0.000479,
-0.000459,
-0.000890,
-0.001146,
-0.001527,
-0.001465,
-0.000915,
-0.000038,
0.000864,
0.001463,
0.001527,
0.001591,
0.001387,
0.002079,
0.001556,
0.001144,
0.000758,
0.000059,
-0.000843,
-0.001138,
-0.001144,
-0.000862,
-0.000347,
-0.000071,
0.000400,
0.000639,
0.000254,
0.000030,
-0.000395,
-0.000616,
-0.000593,
-0.000333,
-0.000008,
0.000331,
0.000616,
0.000778,
0.000906,
0.000637,
0.000502,
0.000366,
0.000216,
-0.000133,
-0.000290,
-0.000366,
-0.000339,
-0.000224,
-0.000062,
0.000037,
0.000144,
-0.000184,
-0.000237,
-0.000272,
-0.000313,
-0.000301,
-0.000215,
-0.000066,
0.000107,
0.000249,
0.000313,
0.000355,
0.000357,
0.000161,
0.000183,
0.000172,
0.000162,
0.000087,
-0.000019,
-0.000117,
-0.000172,
-0.000170,
-0.000120,
-0.000087,
-0.000036,
-0.000046,
-0.000069,
-0.000081,
-0.000097,
-0.000084,
-0.000041,
0.000018,
0.000073,
0.000097,
0.000072,
0.000063,
0.000030,
-0.000076,
-0.000078,
-0.000045,
0.000007,
0.000030,
0.000030,
0.000045,
0.000021,
-0.000004,
-0.000025,
-0.000036,
-0.000044,
-0.000030,
0.000007,
0.000037,
0.000089,
0.000117,
0.000114,
0.000081,
0.000026,
-0.000043,
-0.000117,
-0.000155,
-0.000192,
-0.000296,
-0.000262,
-0.000215,
-0.000125,
-0.000016,
0.000094,
0.000179,
0.000215,
0.000191,
0.000115,
0.000070,
0.000007,
0.000742,
0.000963,
0.000977,
0.001046,
0.000892,
0.000247,
-0.000317,
-0.000744,
-0.000986,
-0.001046,
-0.001000,
-0.000935,
-0.001016,
-0.001121,
-0.001196,
-0.001201,
-0.001054,
-0.000561,
0.000140,
0.000966,
0.001166,
0.001201,
0.001202,
0.000913,
0.001754,
0.001847,
0.001688,
0.001702,
0.000866,
-0.000087,
-0.000906,
-0.001466,
-0.001702,
-0.001650,
-0.001548,
-0.001409,
-0.001460,
-0.001645,
-0.001756,
-0.001984,
-0.001766,
-0.001170,
-0.000245,
0.000832,
0.001954,
0.001984,
0.002200,
0.002124,
0.002971,
0.002829,
0.002453,
0.001775,
0.000725,
-0.000493,
-0.001529,
-0.002209,
-0.002453,
-0.002321,
-0.002173,
-0.001972,
-0.002069,
-0.002298,
-0.002469,
-0.002684,
-0.002468,
-0.001771,
-0.000667,
0.000657,
0.001877,
0.002684,
0.003136,
0.003336,
0.003617,
0.003357,
0.002835,
0.001908,
0.000595,
-0.000811,
-0.001959,
-0.002656,
-0.002835,
-0.002594,
-0.002403,
-0.002150,
-0.002185,
-0.002457,
-0.002664,
-0.002958,
-0.002823,
-0.002141,
-0.000969,
0.000497,
0.001918,
0.002958,
0.003548,
0.003868,
0.004052,
0.003673,
0.003025,
0.001888,
0.000382,
-0.001117,
-0.002288,
-0.002938,
-0.003025,
-0.001863,
-0.001438,
-0.000811,
-0.000521,
-0.001202,
-0.001679,
-0.003023,
-0.003051,
-0.002527,
-0.001440,
0.000064,
0.001740,
0.003051,
0.003822,
0.004366,
0.004443,
0.003828,
0.003008,
0.001616,
-0.000067,
-0.001537,
-0.002560,
-0.003008,
-0.002915,
-0.001557,
-0.001069,
-0.000380,
-0.000272,
-0.000952,
-0.001441,
-0.002783,
-0.002926,
-0.002545,
-0.001588,
-0.000167,
0.001495,
0.002926,
0.003771,
0.004431,
0.004333,
0.003650,
0.002801,
0.001365,
-0.000247,
-0.001599,
-0.002483,
-0.002801,
-0.002619,
-0.001314,
-0.000835,
-0.000173,
-0.000090,
-0.000717,
-0.001176,
-0.002412,
-0.002674,
-0.002415,
-0.001607,
-0.000335,
0.001206,
0.002674,
0.003513,
0.004205,
0.003942,
0.003261,
0.002452,
0.001090,
-0.000353,
-0.001526,
-0.002249,
-0.002452,
-0.002224,
-0.001075,
-0.000643,
-0.000059,
-0.001018,
-0.001296,
-0.001537,
-0.001968,
-0.002301,
-0.002136,
-0.001491,
-0.000423,
0.000908,
0.002301,
0.003066,
0.003723,
0.003504,
0.002945,
0.002256,
0.001071,
-0.000225,
-0.001302,
-0.002006,
-0.002256,
-0.002113,
-0.001710,
-0.001491,
-0.001238,
-0.001063,
-0.001279,
-0.001462,
-0.001791,
-0.002038,
-0.001821,
-0.001204,
-0.000261,
0.000861,
0.002038,
0.002652,
0.003151,
0.002732,
0.002303,
0.001774,
0.000754,
-0.000219,
-0.001040,
-0.001579,
-0.001774,
-0.001564,
-0.001287,
-0.001132,
-0.000950,
-0.000790,
-0.000936,
-0.001062,
-0.001285,
-0.001458,
-0.001300,
-0.000862,
-0.000189,
0.000612,
0.001458,
0.001896,
0.002254,
0.001373,
0.001218,
0.000952,
0.000648,
-0.000000,
-0.000517,
-0.000843,
-0.000952,
-0.000818,
-0.000650,
-0.000555,
-0.000448,
-0.000116,
-0.000147,
-0.000166,
-0.000185,
-0.000170,
-0.000108,
-0.000011,
0.000093,
0.000168,
0.000185,
0.000199,
0.000184,
0.000187,
0.000187,
0.000170,
0.000142,
0.000081,
0.000004,
-0.000070,
-0.000123,
-0.000154,
-0.000170,
-0.000172,
-0.000169,
-0.000105,
-0.000085,
-0.000070,
-0.000033,
-0.000007,
0.000017,
0.000039,
0.000058,
0.000070,
0.000069,
0.000070,
0.000065,
-0.000118,
-0.000104,
-0.000084,
-0.000048,
-0.000003,
0.000041,
0.000074,
0.000084,
0.000062,
0.000006,
-0.000023,
-0.000065,
0.000017,
0.000082,
0.000125,
0.000202,
0.000221,
0.000179,
0.000092,
-0.000016,
-0.000147,
-0.000221,
-0.000268,
-0.000304,
-0.000421,
-0.000386,
-0.000325,
-0.000214,
-0.000056,
0.000115,
0.000254,
0.000325,
0.000308,
0.000210,
0.000153,
0.000066,
-0.001200,
-0.000754,
-0.000301,
0.000101,
0.000451,
0.000497,
0.000291,
-0.000134,
-0.000348,
-0.000497,
-0.000580,
-0.000626,
-0.001127,
-0.000979,
-0.000796,
-0.000460,
-0.000077,
0.000515,
0.000796,
0.000750,
0.000378,
-0.000056,
-0.000578,
-0.001060,
-0.001529,
-0.001002,
-0.000396,
0.000616,
0.001062,
0.001165,
0.000886,
0.000217,
-0.000747,
-0.001165,
-0.001394,
-0.001586,
-0.002160,
-0.001934,
-0.001668,
-0.000416,
0.000655,
0.001384,
0.001668,
0.001524,
0.000246,
-0.000872,
-0.001544,
-0.002113,
-0.002323,
-0.001718,
-0.000990,
0.000227,
0.001630,
0.001808,
0.001519,
0.000737,
-0.000431,
-0.001808,
-0.002103,
-0.002355,
-0.003407,
-0.003135,
-0.001833,
-0.000405,
0.000834,
0.001664,
0.001965,
0.000782,
-0.000673,
-0.001965,
-0.002743,
-0.003386,
-0.003463,
-0.002790,
-0.001972,
-0.000611,
0.000714,
0.001972,
0.001660,
0.000789,
-0.000516,
-0.001810,
-0.003188,
-0.003475,
0.001340,
0.001475,
0.001623,
0.001880,
0.002182,
0.002271,
0.002504,
0.002672,
0.002764,
0.002770,
0.002880,
0.002707,
0.002446,
0.002106,
0.001697,
0.001230,
0.000721,
0.000187,
-0.000356,
-0.000888,
-0.001471,
-0.001947,
-0.002324,
-0.002608,
-0.002804,
-0.002843,
-0.002872,
-0.002880,
-0.002858,
-0.002800,
-0.002704,
-0.002570,
-0.002400,
-0.002201,
-0.001977,
-0.001737,
-0.001490,
-0.000916,
-0.000709,
-0.000449
[136.767] ----END_DATA----
