0.000000,
0.000000,
0.000422,
0.000740,
0.000981,
0.000981,
0.000956,
0.000511,
-0.000125,
-0.000646,
-0.000977,
-0.000977,
-0.000824,
-0.000468,
-0.000290,
-0.000189,
-0.000125,
-0.000062,
0.000116,
0.000307,
0.000587,
0.000587,
0.000447,
0.000129,
-0.000392,
-0.000418,
-0.000418,
-0.000214,
0.000256,
0.000473,
0.000523,
0.000523,
0.000269,
-0.000049,
-0.000240,
-0.000278,
-0.000278,
-0.000176,
-0.000176,
-0.000252,
-0.000227,
-0.000138,
-0.000062,
0.000333,
0.000396,
0.000396,
0.000027,
-0.000329,
-0.000545,
-0.000710,
-0.000710,
-0.000227,
0.000638,
0.001248,
0.001248,
0.001096,
0.000511,
-0.000252,
-0.000646,
-0.000672,
-0.000672,
-0.000278,
0.000053,
0.000104,
0.000104,
0.000142,
0.000231,
0.000371,
0.000498,
0.000498,
0.000142,
-0.000201,
-0.000621,
-0.000621,
-0.000608,
-0.000036,
0.000409,
0.000816,
0.000816,
0.000689,
0.000409,
-0.000023,
-0.000329,
-0.000329,
-0.000392,
-0.000392,
-0.000265,
-0.000189,
-0.000189,
-0.000062,
0.000383,
0.000651,
0.000854,
0.000854,
0.000256,
-0.000443,
-0.001053,
-0.001053,
-0.001028,
-0.000418,
0.000358,
0.000867,
0.000867,
0.000612,
0.000104,
-0.000443,
-0.000519,
-0.000507,
-0.000519,
-0.000354,
-0.000240,
-0.000125,
-0.000151,
-0.000036,
0.000231,
0.000422,
0.000396,
0.000396,
0.000078,
-0.000316,
-0.000545,
-0.000545,
-0.000519,
-0.000112,
0.000447,
0.000727,
0.000727,
0.000536,
0.000206,
-0.000036,
-0.000227,
-0.000214,
-0.000341,
-0.000151,
-0.000189,
0.000015,
-0.000151,
0.000027,
0.000155,
0.000498,
0.000651,
0.000651,
0.000320,
-0.000316,
-0.001015,
-0.001181,
-0.001181,
-0.000507,
0.000307,
0.000689,
0.000689,
0.000498,
-0.000112,
-0.000583,
-0.000748,
-0.000748,
-0.000494,
-0.000227,
-0.000100,
-0.000074,
-0.000087,
-0.000087,
0.000040,
0.000231,
0.000231,
0.000345,
0.000244,
-0.000074,
-0.000341,
-0.000570,
-0.000570,
-0.000100,
0.000587,
0.001057,
0.001057,
0.000829,
0.000282,
-0.000265,
-0.000392,
-0.000392,
-0.000303,
-0.000087,
-0.000087,
-0.000100,
-0.000023,
0.000002,
0.000206,
0.000600,
0.000600,
0.000498,
0.000193,
-0.000443,
-0.000837,
-0.000837,
-0.000799,
-0.000418,
0.000269,
0.000727,
0.000854,
0.000854,
0.000142,
-0.000252,
-0.000621,
-0.000621,
-0.000367,
-0.000316,
-0.000163,
-0.000062,
0.000116,
-0.000062,
0.000155,
0.000269,
0.000422,
0.000193,
0.000193,
-0.000138,
-0.000583,
-0.000583,
-0.000468,
-0.000011,
0.000587,
0.000816,
0.000816,
0.000485,
-0.000036,
-0.000252,
-0.000392,
-0.000456,
-0.000367,
-0.000367,
-0.000367,
-0.000418,
-0.000290,
0.000053,
0.000409,
0.000676,
0.000676,
0.000498,
0.000180,
-0.000494,
-0.000863,
-0.000939,
-0.000939,
-0.000252,
0.000498,
0.000918,
0.000918,
0.000841,
0.000244,
-0.000214,
-0.000519,
-0.000519,
-0.000456,
-0.000176,
-0.000100,
0.000078,
0.000078,
0.000155,
0.000180,
0.000549,
0.000638,
0.000638,
0.000193,
-0.000214,
-0.000596,
-0.000596,
-0.000570,
-0.000354,
0.000142,
0.000701,
0.000905,
0.000905,
0.000320,
-0.000163,
-0.000507,
-0.000507,
-0.000367,
-0.000379,
-0.000189,
-0.000062,
-0.000062,
-0.000011,
0.000053,
0.000206,
0.000206,
0.000244,
0.000231,
-0.000227,
-0.000621,
-0.000875,
-0.000875,
-0.000430,
0.000333,
0.000829,
0.000968,
0.000968,
0.000485,
0.000053,
-0.000405,
-0.000405,
-0.000507,
-0.000303,
-0.000201,
-0.000049,
-0.000189,
-0.000036,
-0.000036,
0.000142,
0.000193,
0.000193,
0.000040,
-0.000367,
-0.000608,
-0.000608,
-0.000532,
-0.000023,
0.000473,
0.000765,
0.000765,
0.000523,
0.000053,
-0.000265,
-0.000405,
-0.000405,
-0.000252,
-0.000252,
-0.000341,
-0.000303,
-0.000303,
-0.000240,
0.000142,
0.000536,
0.000612,
0.000612,
0.000142,
-0.000468,
-0.000824,
-0.000824,
-0.000748,
-0.000176,
0.000511,
0.000905,
0.000905,
0.000740,
0.000040,
-0.000468,
-0.000659,
-0.000659,
-0.000430,
-0.000583,
-0.000240,
-0.000062,
-0.000062,
-0.000062,
0.000104,
0.000256,
0.000409,
0.000409,
0.000244,
-0.000138,
-0.000481,
-0.000519,
-0.000519,
-0.000176,
0.000409,
0.000854,
0.000854,
0.000841,
0.000422,
0.000015,
-0.000125,
-0.000125,
-0.000176,
-0.000125,
-0.000151,
-0.000125,
-0.000227,
-0.000176,
-0.000062,
0.000473,
0.000740,
0.000740,
0.000523,
-0.000201,
-0.000774,
-0.000774,
-0.000697,
-0.000112,
0.000714,
0.001057,
0.001057,
0.000879,
0.000155,
-0.000583,
-0.001003,
-0.001003,
-0.000888,
-0.000634,
-0.000252,
-0.000189,
-0.000023,
0.000002,
0.000282,
0.000434,
0.000460,
0.000473,
0.000473,
-0.000074,
-0.000481,
-0.000697,
-0.000697,
-0.000214,
0.000345,
0.000549,
0.000879,
0.000701,
0.000294,
0.000078,
-0.000062,
-0.000278,
-0.000316,
-0.000252,
-0.000379,
-0.000418,
-0.000290,
-0.000125,
0.000155,
0.000498,
0.000600,
0.000600,
0.000396,
-0.000074,
-0.000545,
-0.000659,
-0.000659,
-0.000151,
0.000460,
0.001032,
0.001032,
0.000752,
0.000282,
-0.000494,
-0.000685,
-0.000685,
-0.000392,
-0.000252,
-0.000100,
-0.000062,
-0.000062,
0.000193,
0.000256,
0.000231,
0.000409,
0.000409,
0.000116,
-0.000252,
-0.000736,
-0.000736,
-0.000659,
-0.000303,
0.000422,
0.000867,
0.000867,
0.000600,
0.000015,
-0.000532,
-0.000532,
-0.000443,
-0.000278,
-0.000100,
-0.000036,
0.000015,
0.000053,
0.000053,
0.000129,
0.000358,
0.000714,
0.000714,
0.000625,
0.000078,
-0.000774,
-0.000952,
-0.000952,
-0.000329,
0.000574,
0.001108,
0.001108,
0.000930,
0.000167,
-0.000443,
-0.000774,
-0.000774,
-0.000456,
-0.000201,
0.000078,
0.000078,
0.000206,
0.000180,
0.000180,
0.000167,
0.000307,
0.000231,
0.000142,
-0.000036,
-0.000240,
-0.000545,
-0.000545,
-0.000227,
0.000460,
0.000803,
0.000803,
0.000701,
0.000218,
-0.000176,
-0.000481,
-0.000481,
-0.000418,
-0.000494,
-0.000392,
-0.000392,
-0.000392,
-0.000100,
0.000180,
0.000638,
0.000790,
0.000790,
0.000549,
-0.000189,
-0.000875,
-0.000977,
-0.000977,
-0.000456,
0.000193,
0.000651,
0.000651,
0.000485,
0.000104,
-0.000519,
-0.000799,
-0.000799,
-0.000570,
-0.000227,
0.000167,
0.000180,
0.000066,
0.000129,
0.000193,
0.000193,
0.000256,
0.000256,
0.000231,
-0.000036,
-0.000379,
-0.000367,
-0.000087,
-0.000062,
0.000269,
0.000523,
0.000485,
0.000447,
0.000002,
-0.000252,
-0.000405,
-0.000405,
-0.000316,
-0.000316,
-0.000112,
-0.000011,
0.000129,
0.000256,
0.000447,
0.000523,
0.000676,
0.000676,
0.000244,
-0.000430,
-0.001091,
-0.001181,
-0.001181,
-0.000557,
0.000091,
0.000765,
0.000778,
0.000778,
0.000269,
-0.000214,
-0.000507,
-0.000507,
-0.000405,
-0.000278,
-0.000100,
-0.000062,
0.000053,
0.000040,
0.000129,
0.000206,
0.000206,
0.000193,
0.000180,
0.000002,
-0.000367,
-0.000367,
-0.000341,
-0.000036,
0.000612,
0.000676,
0.000676,
0.000460,
0.000066,
-0.000151,
-0.000379,
-0.000379,
-0.000265,
-0.000049,
-0.000112,
-0.000036,
-0.000023,
0.000027,
0.000129,
0.000511,
0.000625,
0.000625,
0.000320,
-0.000303,
-0.000761,
-0.000761,
-0.000685,
-0.000329,
0.000320,
0.000587,
0.000752,
0.000752,
0.000307,
-0.000214,
-0.000697,
-0.000736,
-0.000736,
-0.000507,
-0.000214,
-0.000100,
-0.000100,
-0.000023,
0.000155,
0.000244,
0.000409,
0.000447,
0.000447,
0.000129,
-0.000100,
-0.000316,
-0.000316,
-0.000074,
0.000333,
0.000612,
0.000651,
0.000651,
0.000256,
-0.000036,
-0.000189,
-0.000354,
-0.000329,
-0.000329,
-0.000316,
-0.000303,
-0.000151,
-0.000151,
0.000002,
0.000371,
0.000536,
0.000561,
0.000320,
-0.000214,
-0.000863,
-0.001053,
-0.001053,
-0.000240,
0.000612,
0.001019,
0.001019,
0.000943,
0.000473,
-0.000036,
-0.000341,
-0.000341,
-0.000367,
-0.000240,
-0.000189,
-0.000125,
-0.000074,
0.000002,
0.000053,
0.000167,
0.000307,
0.000307,
0.000116,
-0.000189,
-0.000507,
-0.000507,
-0.000443,
0.000066,
0.000612,
0.000905,
0.000905,
0.000778,
0.000434,
-0.000011,
-0.000151,
-0.000329,
-0.000392,
-0.000125,
-0.000125,
-0.000329,
-0.000100,
0.000040,
0.000040,
0.000473,
0.000587,
0.000536,
0.000422,
-0.000125,
-0.000697,
-0.000697,
-0.000608,
-0.000265,
0.000473,
0.000816,
0.000765,
0.000701,
0.000193,
-0.000481,
-0.000736,
-0.000736,
-0.000697,
-0.000443,
-0.000074,
-0.000074,
-0.000011,
0.000066,
0.000078,
0.000091,
0.000218,
0.000218,
0.000193,
-0.000125,
-0.000443,
-0.000608,
-0.000608,
-0.000151,
0.000422,
0.000803,
0.000803,
0.000574,
0.000180,
-0.000049,
-0.000163,
-0.000163,
-0.000138,
-0.000201,
-0.000201,
-0.000227,
-0.000189,
-0.000214,
-0.000100,
0.000231,
0.000345,
0.000320,
0.000218,
-0.000329,
-0.000786,
-0.000786,
-0.000710,
-0.000290,
0.000549,
0.000956,
0.000956,
0.000803,
0.000167,
-0.000685,
-0.000837,
-0.000837,
-0.000850,
-0.000850,
-0.000405,
-0.000392,
-0.000519,
-0.000392,
0.000091,
0.000409,
0.000765,
0.000765,
0.000409,
0.000040,
-0.000532,
-0.000532,
-0.000367,
-0.000125,
0.000625,
0.000701,
0.000701,
0.000663,
0.000244,
0.000002,
-0.000252,
-0.000252,
-0.000252,
-0.000201,
-0.000290,
-0.000100,
-0.000100,
0.000027,
0.000396,
0.000625,
0.000625,
0.000600,
0.000320,
-0.000418,
-0.000888,
-0.001130,
-0.001130,
-0.000468,
0.000180,
0.000689,
0.000689,
0.000523,
0.000206,
-0.000252,
-0.000354,
-0.000354,
-0.000227,
0.000066,
0.000066,
0.000104,
0.000040,
0.000053,
0.000053,
0.000180,
0.000383,
0.000371,
0.000206,
-0.000189,
-0.000456,
-0.000456,
-0.000405,
-0.000062,
0.000294,
0.000651,
0.000651,
0.000587,
0.000269,
-0.000049,
-0.000303,
-0.000367,
-0.000367,
-0.000290,
-0.000201,
-0.000112,
0.000015,
0.000142,
0.000320,
0.000523,
0.000701,
0.000701,
0.000396,
-0.000278,
-0.000939,
-0.001028,
-0.001028,
-0.000329,
0.000485,
0.000994,
0.000994,
0.000676,
0.000091,
-0.000507,
-0.000646,
-0.000646,
-0.000494,
-0.000329,
0.000002,
0.000002,
0.000002,
0.000040,
0.000244,
0.000256,
0.000371,
0.000180,
0.000104,
-0.000252,
-0.000468,
-0.000507,
-0.000507,
-0.000189,
0.000320,
0.000816,
0.000816,
0.000765,
0.000396,
-0.000100,
-0.000227,
-0.000227,
-0.000494,
-0.000201,
-0.000163,
-0.000125,
-0.000125,
0.000015,
0.000282,
0.000765,
0.001007,
0.001007,
0.000663,
-0.000138,
-0.001003,
-0.001003,
-0.000990,
-0.000418,
0.000587,
0.000905,
0.000905,
0.000511,
-0.000163,
-0.000596,
-0.000596,
-0.000456,
-0.000151,
0.000116,
0.000116,
0.000282,
0.000116,
0.000027,
0.000078,
0.000053,
-0.000049,
0.000015,
-0.000329,
-0.000761,
-0.000761,
-0.000799,
-0.000799,
-0.000354,
0.000244,
0.000485,
0.000587,
0.000587,
0.000129,
-0.000252,
-0.000545,
-0.000545,
-0.000354,
-0.000151,
-0.000151,
-0.000138,
-0.000125,
-0.000125,
0.000218,
0.000600,
0.000689,
0.000689,
0.000167,
-0.000621,
-0.001181,
-0.001257,
-0.001257,
-0.000507,
0.000396,
0.000841,
0.000841,
0.000701,
0.000129,
-0.000430,
-0.000608,
-0.000939,
-0.000875,
-0.000418,
-0.000214,
-0.000176,
0.000116,
0.000091,
0.000142,
0.000320,
0.000320,
0.000155,
-0.000125,
-0.000532,
-0.000837,
-0.000697,
-0.000646,
-0.000303,
0.000269,
0.000740,
0.000740,
0.000651,
0.000027,
-0.000367,
-0.000392,
-0.000392,
-0.000341,
-0.000252,
-0.000227,
-0.000227,
-0.000189,
-0.000074,
-0.000011,
0.000333,
0.000612,
0.000612,
0.000600,
0.000015,
-0.000583,
-0.000837,
-0.000837,
-0.000151,
0.000638,
0.001032,
0.001032,
0.000778,
0.000066,
-0.000443,
-0.000901,
-0.000901,
-0.000901,
-0.000761,
-0.000303,
-0.000290,
0.000053,
0.000015,
0.000320,
0.000383,
0.000511,
0.000396,
0.000358,
-0.000176,
-0.000583,
-0.000583,
-0.000545,
0.000015,
0.000485,
0.000511,
0.000536,
0.000371,
0.000040,
0.000015,
-0.000214,
-0.000329,
-0.000151,
-0.000087,
-0.000316,
-0.000049,
0.000066,
0.000066,
0.000422,
0.000612,
0.000816,
0.000816,
0.000536,
-0.000049,
-0.000761,
-0.000939,
-0.000939,
-0.000583,
0.000422,
0.001057,
0.001083,
0.001083,
0.000485,
-0.000265,
-0.000443,
-0.000519,
-0.000519,
-0.000214,
-0.000214,
-0.000138,
0.000129,
0.000167,
0.000155,
0.000294,
0.000307,
0.000193,
0.000155,
-0.000354,
-0.000621,
-0.000697,
-0.000697,
-0.000138,
0.000383,
0.000663,
0.000663,
0.000549,
0.000218,
-0.000138,
-0.000138,
-0.000189,
-0.000125,
-0.000176,
-0.000062,
-0.000176,
-0.000341,
-0.000227,
0.000104,
0.000333,
0.000638,
0.000638,
0.000371,
-0.000151,
-0.000608,
-0.000608,
-0.000583,
-0.000176,
0.000574,
0.000689,
0.000689,
0.000612,
-0.000062,
-0.000519,
-0.000939,
-0.000939,
-0.000812,
-0.000507,
-0.000354,
-0.000240,
-0.000151,
-0.000011,
0.000091,
0.000345,
0.000460,
0.000460,
0.000320,
0.000015,
-0.000316,
-0.000316,
-0.000290,
-0.000049,
0.000294,
0.000536,
0.000561,
0.000561,
0.000193,
-0.000252,
-0.000430,
-0.000430,
-0.000354,
-0.000354,
-0.000316,
-0.000290,
-0.000379,
-0.000278,
0.000180,
0.000574,
0.000803,
0.000803,
0.000511,
-0.000049,
-0.000430,
-0.000557,
-0.000557,
-0.000087,
0.000663,
0.001096,
0.001096,
0.000968,
0.000206,
-0.000405,
-0.000850,
-0.000850,
-0.000837,
-0.000634,
-0.000418,
-0.000265,
0.000002,
0.000129,
0.000231,
0.000511,
0.000511,
0.000345,
0.000231,
-0.000125,
-0.000392,
-0.000418,
-0.000405,
-0.000087,
0.000434,
0.000701,
0.000701,
0.000447,
0.000078,
-0.000189,
-0.000341,
-0.000341,
-0.000290,
-0.000151,
-0.000125,
0.000066,
0.000206,
0.000269,
0.000409,
0.000651,
0.000676,
0.000676,
0.000307,
-0.000456,
-0.000812,
-0.001015,
-0.001015,
-0.000507,
0.000256,
0.000752,
0.000879,
0.000879,
0.000460,
0.000078,
-0.000329,
-0.000468,
-0.000468,
-0.000062,
0.000078,
0.000231,
0.000269,
0.000269,
0.000193,
0.000307,
0.000320,
0.000320,
0.000053,
-0.000227,
-0.000494,
-0.000494,
-0.000456,
-0.000112,
0.000320,
0.000803,
0.000816,
0.000816,
0.000307,
-0.000100,
-0.000443,
-0.000443,
-0.000392,
-0.000405,
-0.000189,
-0.000163,
-0.000354,
-0.000278,
0.000116,
0.000345,
0.000765,
0.000765,
0.000282,
-0.000252,
-0.000926,
-0.000926,
-0.000875,
-0.000494,
0.000345,
0.000994,
0.000994,
0.000854,
0.000244,
-0.000545,
-0.000748,
-0.000748,
-0.000557,
-0.000176,
-0.000036,
-0.000036,
-0.000062,
-0.000062,
-0.000189,
0.000078,
0.000180,
0.000218,
-0.000138,
-0.000240,
-0.000583,
-0.000799,
-0.000799,
-0.000405,
0.000333,
0.000790,
0.000867,
0.000867,
0.000523,
0.000269,
-0.000062,
-0.000227,
-0.000227,
-0.000176,
-0.000290,
-0.000163,
-0.000036,
-0.000074,
0.000040,
0.000333,
0.000549,
0.000511,
0.000422,
-0.000112,
-0.000761,
-0.000837,
-0.000837,
-0.000443,
0.000294,
0.000879,
0.000879,
0.000816,
0.000434,
-0.000290,
-0.000723,
-0.000723,
-0.000659,
-0.000341,
-0.000049,
0.000015,
0.000104,
0.000053,
0.000066,
0.000218,
0.000256,
0.000129,
0.000053,
-0.000214,
-0.000545,
-0.000545,
-0.000392,
-0.000036,
0.000587,
0.000752,
0.000752,
0.000574,
0.000193,
-0.000138,
-0.000138,
-0.000290,
-0.000163,
-0.000163,
-0.000138,
-0.000265,
-0.000138,
-0.000074,
0.000371,
0.000752,
0.000918,
0.000918,
0.000549,
-0.000125,
-0.000914,
-0.001028,
-0.001028,
-0.000519,
0.000383,
0.000740,
0.000752,
0.000752,
0.000294,
-0.000125,
-0.000443,
-0.000443,
-0.000367,
-0.000163,
0.000015,
0.000015,
0.000078,
0.000078,
0.000116,
0.000282,
0.000473,
0.000473,
0.000218,
-0.000189,
-0.000634,
-0.000634,
-0.000608,
-0.000252,
0.000422,
0.000473,
0.000561,
0.000536,
0.000027,
-0.000214,
-0.000430,
-0.000430,
-0.000329,
-0.000303,
-0.000240,
-0.000227,
-0.000201,
-0.000201,
0.000015,
0.000358,
0.000625,
0.000625,
0.000345,
-0.000265,
-0.000888,
-0.000888,
-0.000672,
-0.000176,
0.000574,
0.000879,
0.000879,
0.000765,
0.000104,
-0.000596,
-0.000964,
-0.000964,
-0.000761,
-0.000392,
-0.000214,
-0.000189,
-0.000151,
-0.000201,
-0.000201,
0.000218,
0.000422,
0.000256,
0.000244,
-0.000163,
-0.000570,
-0.000570,
-0.000519,
-0.000252,
0.000333,
0.000714,
0.000879,
0.000879,
0.000498,
0.000244,
-0.000151,
-0.000176,
-0.000125,
-0.000125,
-0.000240,
-0.000138,
-0.000138,
0.000002,
0.000345,
0.000612,
0.000701,
0.000701,
0.000000,
0.000000
