1.456
1.4907
1.5271
1.5551
1.5774
1.5882
1.5832
1.5799
1.5692
1.5551
1.5403
1.5403
1.5452
1.5485
1.5485
1.5444
1.5304
1.5023
1.475
1.4486
1.4255
1.4139
1.4098
1.423
1.4494
1.4792
1.5163
1.551
1.5717
1.5816
1.5865
1.5816
1.5717
1.5584
1.5518
1.5494
1.5518
1.5568
1.5584
1.5551
1.5428
1.5188
1.494
1.4676
1.4412
1.4238
1.428
1.4379
1.456
1.4874
1.5287
1.5584
1.5816
1.594
1.5948
1.5832
1.5717
1.5584
1.5535
1.5502
1.5518
1.5535
1.556
1.5436
1.5287
1.5072
1.4825
1.4461
1.4213
1.418
1.4131
1.423
1.4527
1.4825
1.5172
1.5502
1.5733
1.5882
1.5898
1.5799
1.5717
1.5617
1.5527
1.5502
1.5502
1.5551
1.5535
1.5485
1.5411
1.5229
1.494
1.4643
1.4412
1.4247
1.4197
1.4313
1.456
1.4849
1.5205
1.5527
1.5766
1.5931
1.5882
1.5799
1.575
1.5593
1.5436
1.5469
1.5469
1.5535
1.5551
1.5518
1.5403
1.5138
1.4841
1.4602
1.4379
1.4189
1.418
1.4263
1.4453
1.4775
1.513
1.5485
1.5766
1.5832
1.5898
1.5849
1.5725
1.5601
1.5518
1.5502
1.5485
1.5485
1.5518
1.5485
1.5361
1.5155
1.4907
1.461
1.4354
1.4213
1.4172
1.4304
1.4494
1.4825
1.5254
1.5576
1.5783
1.5898
1.5898
1.5799
1.5684
1.5543
1.5452
1.5452
1.5436
1.5494
1.5518
1.5469
1.532
1.5188
1.4899
1.4544
1.428
1.4156
1.4172
1.428
1.4486
1.4808
1.5172
1.5461
1.5717
1.5907
1.5956
1.589
1.575
1.5634
1.5494
1.5469
1.5469
1.5518
1.5477
1.5403
1.5353
1.513
1.4858
1.4577
1.4313
1.4147
1.4098
1.4197
1.4461
1.4825
1.5172
1.5502
1.5766
1.5874
1.5874
1.5832
1.5675
1.556
1.5419
1.5461
1.5485
1.5551
1.5568
1.5551
1.5403
1.5196
1.494
1.4626
1.4395
1.4247
1.418
1.4321
1.4577
1.4874
1.5205
1.5601
1.5799
1.5882
1.5882
1.5857
1.5717
1.5601
1.5518
1.5485
1.5494
1.5518
1.5535
1.5543
1.5419
1.5172
1.4866
1.4577
1.4247
1.4114
1.4114
1.4247
1.4412
1.4775
1.5213
1.5568
1.5791
1.5931
1.5956
1.5849
1.5684
1.5568
1.5485
1.5452
1.5485
1.5518
1.5535
1.5535
1.537
1.5155
1.4907
1.4511
1.4304
1.4263
1.4205
1.4313
1.4577
1.4874
1.5221
1.5551
1.575
1.5882
1.5849
1.5766
1.5667
1.5535
1.5452
1.5419
1.5469
1.5535
1.556
1.5485
1.5378
1.5205
1.4899
1.4585
1.4354
1.418
1.4147
1.428
1.4527
1.4874
1.5229
1.5535
1.5799
1.5898
1.5865
1.5816
1.5684
1.5568
1.5419
1.5444
1.5461
1.5502
1.5518
1.5485
1.532
1.5072
1.4792
1.4519
1.4296
1.418
1.4147
1.4263
1.4527
1.4858
1.5221
1.556
1.5766
1.584
1.5898
1.5849
1.5717
1.5576
1.5502
1.5469
1.5485
1.5535
1.5535
1.5502
1.537
1.5122
1.4882
1.4593
1.4313
1.4172
1.4222
1.4329
1.4478
1.4792
1.5205
1.5535
1.5766
1.5898
1.5923
1.5832
1.57
1.5593
1.5568
1.5551
1.5568
1.5584
1.5601
1.5485
1.5353
1.513
1.4874
1.4511
1.423
1.4197
1.4147
1.428
1.4527
1.4833
1.5205
1.5477
1.5733
1.5898
1.5915
1.5832
1.57
1.5568
1.5452
1.5436
1.5485
1.5535
1.5518
1.5436
1.5395
1.5221
1.494
1.4626
1.4395
1.4197
1.4172
1.4304
1.4527
1.4841
1.5172
1.5494
1.5741
1.5865
1.5849
1.5799
1.57
1.5601
1.5485
1.5469
1.5502
1.5551
1.5535
1.5494
1.5395
1.5105
1.4825
1.461
1.4354
1.418
1.4156
1.4247
1.4461
1.4792
1.5188
1.5518
1.5799
1.5882
1.5948
1.5898
1.5766
1.5659
1.5535
1.5527
1.5502
1.5485
1.5518
1.5469
1.5345
1.5122
1.4841
1.4552
1.4313
1.4147
1.4114
1.4247
1.4445
1.4775
1.5205
1.5535
1.5741
1.5882
1.5849
1.5783
1.5667
1.5551
1.5485
1.5444
1.5419
1.5469
1.5518
1.5461
1.5328
1.5213
1.4924
1.4577
1.4304
1.4213
1.4222
1.4296
1.4527
1.4858
1.5188
1.5527
1.5766
1.5964
1.5981
1.5898
1.5791
1.5684
1.5535
1.5502
1.5502
1.5527
1.5502
1.5403
1.5353
1.5163
1.4874
1.456
1.4329
1.4147
1.4081
1.4213
1.4461
1.4808
1.5205
1.5518
1.575
1.5907
1.5898
1.5832
1.57
1.5551
1.5419
1.5452
1.5485
1.5535
1.5551
1.5502
1.5403
1.5155
1.4874
1.461
1.437
1.418
1.4205
1.4313
1.4527
1.4874
1.5205
1.5568
1.5849
1.5882
1.5931
1.5882
1.5766
1.5634
1.5535
1.5502
1.5518
1.5518
1.5535
1.5543
1.5386
1.5155
1.4874
1.4552
1.4247
1.4114
1.4098
1.423
1.4478
1.4775
1.5196
1.5535
1.5783
1.5898
1.5931
1.5832
1.5667
1.5535
1.5469
1.5436
1.5436
1.5485
1.5518
1.5469
1.5337
1.5155
1.4874
1.4519
1.4296
1.4205
1.4197
1.4313
1.4519
1.4858
1.5205
1.5518
1.575
1.5849
1.589
1.5766
1.5667
1.5551
1.5452
1.5436
1.5485
1.5568
1.5576
1.5469
1.5403
1.5188
1.4907
1.4626
1.4346
1.418
1.4147
1.4247
1.4544
1.4907
1.5238
1.5568
1.5816
1.5898
1.5882
1.5832
1.5692
1.5568
1.5428
1.5419
1.5452
1.5469
1.5485
1.5436
1.5304
1.5048
1.4775
1.4511
1.428
1.418
1.4147
1.4263
1.456
1.4858
1.5205
1.5551
1.5766
1.5832
1.5882
1.5849
1.5717
1.5584
1.5502
1.5469
1.5502
1.5551
1.5568
1.5527
1.5403
1.5138
1.4907
1.4643
1.437
1.4197
1.4296
1.4379
1.4544
1.4874
1.5254
1.5568
1.5807
1.5931
1.5931
1.5849
1.57
1.5568
1.5502
1.5502
1.5551
1.556
1.5551
1.5469
1.5304
1.5072
1.4808
1.4453
1.4213
1.4164
1.4147
1.423
1.4527
1.4833
1.5188
1.5469
1.57
1.5849
1.5882
1.5783
1.5684
1.5535
1.5485
1.5452
1.5469
1.5502
1.5502
1.5428
1.5395
1.5196
1.4932
1.4635
1.4428
1.4238
1.4213
1.4346
1.4577
1.4891
1.5238
1.5551
1.5791
1.5931
1.5907
1.5849
1.5799
1.5634
1.5485
1.5502
1.5527
1.5568
1.5568
1.5518
1.5395
1.5138
1.4841
1.4593
1.4379
1.418
1.4172
1.4247
1.4445
1.4775
1.513
1.5494
1.5741
1.5816
1.5865
1.5832
1.57
1.5584
1.5502
1.5461
1.5452
1.5436
1.5469
1.5436
1.5304
1.5097
1.4841
1.4544
1.4304
1.4172
1.4164
1.4296
1.447
1.4816
1.5238
1.5568
1.5783
1.5915
1.5931
1.5849
1.5733
1.5601
1.5518
1.5502
1.5469
1.5535
1.5568
1.5502
1.5386
1.5238
1.4973
1.4602
1.4313
1.423
1.4197
1.4321
1.4511
1.4841
1.5221
1.5502
1.575
1.5948
1.5948
1.5865
1.5733
1.5593
1.5485
1.5419
1.5419
1.5485
1.5461
1.537
1.532
1.5097
1.4808
1.4527
1.4263
1.4114
1.404
1.4164
1.4436
1.4808
1.5155
1.5502
1.5766
1.5865
1.5874
1.5816
1.5684
1.5551
1.5403
1.5461
1.5502
1.5543
1.5568
1.5551
1.5386
1.5172
1.4932
1.4626
1.4362
1.4213
1.4147
1.4313
1.456
1.4841
1.5196
1.556
1.5766
1.5849
1.5882
1.5824
1.57
1.5568
1.5485
1.5436
1.5452
1.5485
1.5527
1.5535
1.5419
1.5163
1.4891
1.4593
1.4271
1.4114
1.4114
1.4247
1.4461
1.4808
1.5229
1.5568
1.5807
1.594
1.5964
1.5865
1.5692
1.5568
1.5469
1.5452
1.5485
1.5527
1.5535
1.5518
1.5386
1.5147
1.4907
1.4519
1.4296
1.4263
1.423
1.4329
1.4602
1.4891
1.5229
1.5584
1.5766
1.5915
1.5923
1.5799
1.5708
1.5601
1.5494
1.5436
1.5502
1.5551
1.5551
1.5469
1.5386
1.5205
1.4874
1.4569
1.4337
1.4147
1.409
1.423
1.4494
1.4858
1.5213
1.5535
1.5766
1.589
1.5898
1.5849
1.5733
1.5617
1.5469
1.5485
1.5535
1.5568
1.5584
1.5535
1.5403
1.5122
1.4841
1.456
1.4313
1.4197
1.4147
1.428
1.4544
1.4841
1.5205
1.5551
1.575
1.5807
1.5882
1.5816
1.5692
1.5535
1.5452
1.5452
1.5461
1.5502
1.5551
1.5494
1.537
1.5155
1.4907
1.4593
1.4379
1.418
1.4197
1.4346
1.4478
1.4792
1.5229
1.5535
1.5758
1.5898
1.5882
1.5799
1.5667
1.5535
1.5502
1.5494
1.5502
1.5535
1.5535
1.5419
1.5304
1.5089
1.4792
1.4478
1.4197
1.4123
1.4172
1.4238
1.4503
1.4866
1.5205
1.5485
1.5733
1.5898
1.5923
1.5832
1.5717
1.5601
1.5502
1.5469
1.5502
1.5494
1.5469
1.5403
1.5337
1.5172
1.4899
1.461
1.4379
1.4197
1.418
1.4329
1.4527
1.4858
1.5172
1.5518
1.5766
1.5882
1.5882
1.5832
1.5741
1.5601
1.5469
1.5469
1.5502
1.5584
1.5568
1.5502
1.5386
1.5138
1.4841
1.461
1.4379
1.4197
1.418
1.4247
1.4445
1.4742
1.5138
1.5502
1.5766
1.5865
1.5915
1.5882
1.5758
1.5634
1.5568
1.5527
1.5502
1.5518
1.5535
1.5485
1.5353
1.5138
1.4874
1.4585
1.4329
1.4197
1.4156
1.4271
1.4445
1.4792
1.5213
1.5551
1.5733
1.5874
1.5882
1.5799
1.5684
1.5535
1.5469
1.5452
1.5436
1.5502
1.5551
1.5469
1.5353
1.5205
1.4949
1.4577
1.4362
1.423
1.4213
1.4346
1.4544
1.4858
1.5238
1.5535
1.5766
1.5981
1.5981
1.589
1.5766
1.5634
1.5502
1.5452
1.5494
1.5535
1.5494
1.5403
1.5337
1.5114
1.4841
1.4569
1.4313
1.4147
1.4106
1.4213
1.447
1.4841
1.5205
1.5502
1.5758
1.5849
1.5865
1.5807
1.5675
1.5527
1.537
1.5419
1.5461
1.5494
1.5527
1.5535
1.537
1.5147
1.4907
1.4602
1.4362
1.4213
1.418
1.4313
1.4577
1.4874
1.5238
1.5651
1.5832
1.5898
1.5931
1.5882
1.5758
1.5626
1.5535
1.551
1.5502
1.5518
1.5551
1.5535
1.5395
1.5172
1.4858
1.4544
1.4247
1.4081
1.4081
1.4222
1.4395
1.4742
1.518
1.5518
1.5766
1.5898
1.5898
1.5849
1.5667
1.5551
1.5477
1.5436
1.5469
1.5535
1.5543
1.5502
1.5411
1.5188
1.4907
1.4577
1.4329
1.4247
1.4247
1.4337
1.456
1.4882
1.5221
1.5535
1.5758
1.5898
1.5915
1.5783
1.5667
1.5551
1.5461
1.5428
1.5502
1.556
1.5535
1.5452
1.537
1.518
1.4899
1.4593
1.4362
1.4164
1.4114
1.4263
1.4511
1.4891
1.5254
1.5535
1.5783
1.5907
1.5882
1.5816
1.5717
1.5576
1.5428
1.5452
1.5469
1.5518
1.5518
1.5469
1.5361
1.5064
1.4742
1.4544
1.4296
1.4131
1.4147
1.4255
1.4494
1.4866
1.5205
1.5527
1.5783
1.5799
1.5865
1.5816
1.5684
1.556
1.5469
1.5436
1.5452
1.5485
1.5518
1.5469
1.5353
1.5122
1.4866
1.4544
1.4296
1.4156
1.418
1.4313
1.4527
1.4808
1.5229
1.556
1.5791
1.5923
1.5931
1.5849
1.5733
1.5609
1.5584
1.5584
1.5568
1.5601
1.5601
1.5485
1.5337
1.5138
1.4833
1.4494
1.4247
1.4156
1.4147
1.4304
1.4511
1.4858
1.5229
1.5469
1.575
1.5915
1.5915
1.5849
1.5717
1.5584
1.5518
1.5436
1.5485
1.5527
1.5485
1.5419
1.5386
1.5172
1.4907
1.4618
1.4362
1.4189
1.4189
1.428
1.4527
1.4891
1.5188
1.5535
1.5799
1.5882
1.5882
1.5865
1.575
1.5609
1.5461
1.5485
1.5527
1.5551
1.5568
1.5502
1.5337
1.5105
1.4858
1.4577
1.4346
1.4172
1.4131
1.4247
1.4478
1.4742
1.5122
1.5518
1.5766
1.5849
1.5907
1.5882
1.5766
1.5626
1.5527
1.5527
1.5502
1.5469
1.5535
1.5469
1.5361
1.5147
1.4874
1.4585
1.4362
1.4213
1.4164
1.4321
1.4461
1.4825
1.5262
1.5568
1.5799
1.5915
1.5923
1.5832
1.57
1.5568
1.5485
1.5436
1.5436
1.5469
1.5502
1.5461
1.5337
1.5172
1.4882
1.4544
1.4247
1.4172
1.418
1.4271
1.4494
1.4841
1.5163
1.5502
1.575
1.5931
1.5964
1.5898
1.5783
1.5642
1.5518
1.5452
1.5494
1.5518
1.5502
1.5419
1.5345
1.5122
1.4858
1.4544
1.428
1.4131
1.4065
1.4172
1.4445
1.4775
1.5163
1.5502
1.5733
1.5849
1.5898
1.5807
1.57
1.5551
1.5395
1.5444
1.5485
1.5535
1.5576
1.5535
1.5403
1.518
1.4907
1.4626
1.4387
1.4205
1.4164
1.4313
1.4527
1.4858
1.5213
1.5593
1.5816
1.5865
1.5907
1.5865
1.5733
1.5626
1.5535
1.5502
1.5485
1.5502
1.5535
1.5535
1.5419
1.5138
1.4849
1.4544
1.4213
1.409
1.4081
1.4213
1.4395
1.4767
1.5188
1.5518
1.5774
1.5898
1.5915
1.5849
1.5667
1.5568
1.5477
1.5452
1.5502
1.551
1.5535
1.551
1.537
1.5172
1.4907
1.4544
1.4313
1.423
1.4247
1.4379
1.4577
1.4899
1.5238
1.5551
1.5783
1.5931
1.5915
1.5766
1.5667
1.5568
1.5469
1.5469
1.5518
1.5576
1.5576
1.5485
1.5403
1.5205
1.4907
1.461
1.4337
1.4197
1.4147
1.4247
