----BEGIN_NNQ_XQ----
825.000000
0.007110
856.000000
0.007020
887.000000
0.006910
918.000000
0.006670
949.000000
0.006370
980.000000
0.005980
1011.000000
0.005500
1042.000000
0.004950
1073.000000
0.004350
1104.000000
0.003700
1135.000000
0.003030
1166.000000
0.002490
1197.000000
0.002160
1228.000000
0.002140
1259.000000
0.002430
1290.000000
0.003020
1321.000000
0.003820
1352.000000
0.004730
1383.000000
0.005660
1414.000000
0.006600
1445.000000
0.007540
1476.000000
0.008420
1507.000000
0.009230
1538.000000
0.009980
1569.000000
0.010490
1600.000000
0.010900
1631.000000
0.011190
1662.000000
0.011360
1693.000000
0.011380
1724.000000
0.011390
1755.000000
0.011260
1786.000000
0.010970
1817.000000
0.010680
1848.000000
0.010270
1879.000000
0.009760
1910.000000
0.009150
1941.000000
0.008470
1972.000000
0.007660
2003.000000
0.007240
2034.000000
0.006790
----END_NNQ----
----BEGIN_NNQ_XI----
825.000000
0.010530
856.000000
0.010590
887.000000
0.010650
918.000000
0.010730
949.000000
0.010770
980.000000
0.010720
1011.000000
0.010520
1042.000000
0.010150
1073.000000
0.009600
1104.000000
0.008900
1135.000000
0.008050
1166.000000
0.007060
1197.000000
0.005940
1228.000000
0.004770
1259.000000
0.003550
1290.000000
0.002570
1321.000000
0.002100
1352.000000
0.002170
1383.000000
0.002750
1414.000000
0.003810
1445.000000
0.005070
1476.000000
0.006250
1507.000000
0.007360
1538.000000
0.008390
1569.000000
0.009320
1600.000000
0.010160
1631.000000
0.010880
1662.000000
0.011460
1693.000000
0.011860
1724.000000
0.012070
1755.000000
0.012090
1786.000000
0.011930
1817.000000
0.011580
1848.000000
0.011050
1879.000000
0.010350
1910.000000
0.009490
1941.000000
0.008480
1972.000000
0.007340
2003.000000
0.006760
2034.000000
0.006140
----END_NNQ----
----BEGIN_NNQ_XP----
825.000000
0.002050
856.000000
0.002290
887.000000
0.002550
918.000000
0.003050
949.000000
0.003600
980.000000
0.004160
1011.000000
0.004680
1042.000000
0.005140
1073.000000
0.005500
1104.000000
0.005750
1135.000000
0.005870
1166.000000
0.005840
1197.000000
0.005650
1228.000000
0.005320
1259.000000
0.004830
1290.000000
0.004210
1321.000000
0.003460
1352.000000
0.002610
1383.000000
0.001680
1414.000000
0.000710
1445.000000
-0.000290
1476.000000
-0.001280
1507.000000
-0.002230
1538.000000
-0.003110
1569.000000
-0.003900
1600.000000
-0.004620
1631.000000
-0.005160
1662.000000
-0.005540
1693.000000
-0.005770
1724.000000
-0.005870
1755.000000
-0.005790
1786.000000
-0.005660
1817.000000
-0.005470
1848.000000
-0.005200
1879.000000
-0.004380
1910.000000
-0.003500
1941.000000
-0.002560
1972.000000
-0.001560
2003.000000
-0.000820
2034.000000
-0.000560
----END_NNQ----
----BEGIN_NNQ_YQ----
825.000000
0.004170
856.000000
0.004300
887.000000
0.004390
918.000000
0.004610
949.000000
0.004670
980.000000
0.004650
1011.000000
0.004520
1042.000000
0.004330
1073.000000
0.004000
1104.000000
0.003540
1135.000000
0.002760
1166.000000
0.002070
1197.000000
0.001390
1228.000000
0.000820
1259.000000
0.000390
1290.000000
0.000330
1321.000000
0.000310
1352.000000
0.000360
1383.000000
0.000470
1414.000000
0.000650
1445.000000
0.001040
1476.000000
0.001560
1507.000000
0.002120
1538.000000
0.002880
1569.000000
0.003650
1600.000000
0.004240
1631.000000
0.004700
1662.000000
0.005100
1693.000000
0.005270
1724.000000
0.005360
1755.000000
0.005360
1786.000000
0.005280
1817.000000
0.005120
1848.000000
0.004720
1879.000000
0.004270
1910.000000
0.003660
1941.000000
0.002940
1972.000000
0.002200
2003.000000
0.001890
2034.000000
0.001480
----END_NNQ----
----BEGIN_NNQ_YI----
825.000000
0.001940
856.000000
0.001800
887.000000
0.001620
918.000000
0.001170
949.000000
0.001080
980.000000
0.001250
1011.000000
0.001510
1042.000000
0.001960
1073.000000
0.002540
1104.000000
0.002980
1135.000000
0.003320
1166.000000
0.003570
1197.000000
0.003770
1228.000000
0.004170
1259.000000
0.004570
1290.000000
0.004950
1321.000000
0.005290
1352.000000
0.005580
1383.000000
0.005340
1414.000000
0.005010
1445.000000
0.004630
1476.000000
0.004190
1507.000000
0.003700
1538.000000
0.003240
1569.000000
0.002770
1600.000000
0.002190
1631.000000
0.001650
1662.000000
0.001140
1693.000000
0.000820
1724.000000
0.000560
1755.000000
0.000490
1786.000000
0.000480
1817.000000
0.000620
1848.000000
0.000920
1879.000000
0.001360
1910.000000
0.001950
1941.000000
0.002590
1972.000000
0.003320
2003.000000
0.003700
2034.000000
0.004070
----END_NNQ----
----BEGIN_NNQ_YP----
825.000000
-0.001680
856.000000
-0.001730
887.000000
-0.001740
918.000000
-0.001780
949.000000
-0.001750
980.000000
-0.001650
1011.000000
-0.001240
1042.000000
-0.000800
1073.000000
-0.000280
1104.000000
0.000300
1135.000000
0.000930
1166.000000
0.001340
1197.000000
0.001780
1228.000000
0.002190
1259.000000
0.002540
1290.000000
0.002810
1321.000000
0.003010
1352.000000
0.003100
1383.000000
0.003100
1414.000000
0.002990
1445.000000
0.002790
1476.000000
0.002480
1507.000000
0.002090
1538.000000
0.001620
1569.000000
0.001090
1600.000000
0.000520
1631.000000
-0.000070
1662.000000
-0.000660
1693.000000
-0.001230
1724.000000
-0.001810
1755.000000
-0.002290
1786.000000
-0.002660
1817.000000
-0.002920
1848.000000
-0.003090
1879.000000
-0.003100
1910.000000
-0.003090
1941.000000
-0.003030
1972.000000
-0.002910
2003.000000
-0.002850
2034.000000
-0.002770
----END_NNQ----
