-0.004101
-0.002418
-0.000810
0.001674
0.003407
0.003624
0.002167
-0.000347
-0.002719
-0.003624
-0.004456
-0.004390
-0.003731
-0.004132
-0.003559
-0.003084
-0.000920
0.001660
0.003401
0.003559
0.002138
-0.000151
-0.001662
-0.003339
-0.003075
-0.001419
0.000032
0.002218
0.003487
0.003174
0.001339
-0.001222
-0.003243
-0.003487
-0.003923
-0.003356
-0.003115
-0.003746
-0.003378
-0.003244
-0.001323
0.001180
0.003013
0.003378
0.002191
0.000093
-0.001307
-0.002919
-0.002799
-0.001255
0.000088
0.002092
0.003226
0.002868
0.001097
-0.001309
-0.003139
-0.003226
-0.003561
-0.002923
-0.002739
-0.003350
-0.003032
-0.002961
-0.001227
0.001050
0.002713
0.003032
0.001944
0.000052
-0.001222
-0.002673
-0.002509
-0.001175
0.000009
0.001760
0.002791
0.002524
0.000998
-0.001115
-0.002733
-0.002791
-0.003092
-0.002521
-0.002259
-0.002786
-0.002509
-0.002471
-0.000996
0.000921
0.002291
0.002509
0.001562
-0.000012
-0.001082
-0.002271
-0.001954
-0.000935
-0.000000
0.001356
0.002189
0.002006
0.000802
-0.000893
-0.002189
-0.002184
-0.002419
-0.001928
-0.001476
-0.001949
-0.001778
-0.001861
-0.000782
0.000661
0.001693
0.001861
0.001181
0.000081
-0.000691
-0.001517
-0.000984
-0.000368
0.000220
0.001029
0.001521
0.001345
0.000481
-0.000693
-0.001521
-0.001328
-0.001413
-0.000939
-0.000298
-0.000801
-0.000828
-0.001175
-0.000633
0.000256
0.000960
0.001175
0.000909
0.000424
0.000040
-0.000352
0.000385
0.000542
0.000702
0.000832
0.000834
0.000546
-0.000017
-0.000610
-0.000834
-0.000292
-0.000125
0.000433
0.001037
0.000396
0.000066
-0.000709
-0.000829
-0.000535
-0.000098
0.000293
0.000585
0.000829
0.000903
0.000986
0.001692
0.001369
0.001052
0.000420
-0.000193
-0.000718
-0.001052
-0.001051
-0.000570
0.000472
0.000986
0.001737
0.002640
0.001750
0.001030
-0.000315
-0.001174
-0.001463
-0.001208
-0.000519
0.000437
0.001463
0.002028
0.002585
0.003503
0.002719
0.001907
0.000486
-0.000827
-0.001705
-0.001907
-0.001346
-0.000110
0.001559
0.002495
0.003542
0.004515
0.003295
0.002134
0.000129
-0.001480
-0.002291
-0.002114
-0.001192
0.000485
0.002291
0.003301
0.004228
0.005318
0.004129
0.002847
0.000673
-0.001365
-0.002674
-0.002847
-0.001804
0.000173
0.002532
0.003924
0.005334
0.006189
0.004585
0.002963
0.000254
-0.002074
-0.003325
-0.003134
-0.001594
0.000799
0.003325
0.004825
0.006192
0.007013
0.005489
0.003790
0.000941
-0.001791
-0.003564
-0.003790
-0.002358
0.000298
0.003354
0.005201
0.007004
0.007761
0.005761
0.003700
0.000310
-0.002652
-0.004238
-0.003964
-0.001960
0.001091
0.004238
0.006120
0.007782
0.008482
0.006699
0.004655
0.001243
-0.002101
-0.004322
-0.004655
-0.002941
0.000292
0.003990
0.006248
0.008435
0.009017
0.006658
0.004222
0.000247
-0.003220
-0.005033
-0.004635
-0.002211
0.001394
0.005033
0.007215
0.009095
0.009622
0.007664
0.005367
0.001536
-0.002295
-0.004901
-0.005367
-0.003474
0.000196
0.004418
0.007012
0.009529
0.010243
0.007515
0.004746
0.000137
-0.003697
-0.005647
-0.005118
-0.002355
0.001662
0.005647
0.008037
0.010056
0.010433
0.007953
0.005527
0.001340
-0.002780
-0.005397
-0.005527
-0.003358
0.000692
0.005521
0.008419
0.011272
0.011532
0.008595
0.005619
0.000661
-0.003483
-0.005684
-0.005524
-0.002817
0.001413
0.005684
0.008162
0.010685
0.010795
0.008259
0.005762
0.001460
-0.002821
-0.005578
-0.005762
-0.003552
0.000638
0.005669
0.008689
0.011675
0.011642
0.008647
0.005626
0.000592
-0.003584
-0.005774
-0.005571
-0.002797
0.001486
0.005774
0.008265
0.010795
0.010660
0.008161
0.005702
0.001474
-0.002755
-0.005499
-0.005702
-0.003544
0.000580
0.005564
0.008550
0.011516
0.011261
0.008361
0.005446
0.000574
-0.003451
-0.005560
-0.005368
-0.002695
0.001429
0.005560
0.007961
0.010407
0.010042
0.007666
0.005345
0.001350
-0.002618
-0.005180
-0.005345
-0.003299
0.000586
0.005286
0.008094
0.010889
0.010141
0.007561
0.004935
0.000635
-0.003076
-0.005052
-0.004934
-0.002532
0.001231
0.005052
0.007270
0.009556
0.008982
0.007170
0.005035
0.001457
-0.002118
-0.004572
-0.005035
-0.003273
0.000196
0.004251
0.006727
0.009163
0.008611
0.006347
0.004040
0.000252
-0.003004
-0.004686
-0.004298
-0.002037
0.001302
0.004686
0.006703
0.008439
0.007817
0.006164
0.004280
0.001116
-0.001954
-0.003988
-0.004280
-0.002677
0.000345
0.003832
0.005949
0.008017
0.007376
0.005527
0.003621
0.000467
-0.002300
-0.003821
-0.003644
-0.001871
0.000897
0.003821
0.005561
0.007126
0.006333
0.004861
0.003280
0.000616
-0.001823
-0.003309
-0.003356
-0.001922
0.000567
0.003356
0.005030
0.006636
0.005796
0.004443
0.003014
0.000610
-0.001584
-0.002925
-0.003014
-0.001832
0.000255
0.002636
0.004046
0.005414
0.000605
-0.001059
-0.002331
-0.004377
-0.005240
-0.004510
-0.002360
0.000569
0.003382
0.005240
0.006358
0.006911
0.007229
0.006512
0.005243
0.003135
0.000149
-0.002806
-0.004808
-0.005243
-0.004006
-0.001596
-0.000114
0.001732
0.002061
0.000146
-0.001413
-0.003951
-0.005310
-0.004959
-0.002976
0.000023
0.003099
0.005310
0.006643
0.007419
0.007493
0.006725
0.005390
0.003176
0.000071
-0.002970
-0.005000
-0.005390
-0.004052
-0.001511
0.000050
0.001976
0.001637
-0.000256
-0.001767
-0.004220
-0.005446
-0.004948
-0.002841
0.000227
0.003303
0.005446
0.006738
0.007450
0.007272
0.006649
0.005438
0.003428
0.000441
-0.002617
-0.004798
-0.005438
-0.004382
-0.002080
-0.000659
0.001164
0.000612
-0.001103
-0.002404
-0.004501
-0.005350
-0.004558
-0.002324
0.000677
0.003521
0.005350
0.006451
0.006963
0.006531
0.006144
0.005171
0.003557
0.000906
-0.001988
-0.004239
-0.005171
-0.004545
-0.002691
-0.001535
0.000044
-0.000491
-0.001909
-0.002904
-0.004491
-0.004891
-0.003846
-0.001626
0.001107
0.003519
0.004891
0.005720
0.005980
0.005334
0.005199
0.004524
0.003408
0.001271
-0.001253
-0.003397
-0.004524
-0.004340
-0.003036
-0.002211
-0.000974
-0.001349
-0.002392
-0.003044
-0.004063
-0.004055
-0.002896
-0.000887
0.001377
0.003207
0.004063
0.004585
0.004606
0.003888
0.003969
0.003599
0.002998
0.001494
-0.000466
-0.002288
-0.003432
-0.003599
-0.002855
-0.002371
-0.001530
-0.001593
-0.002231
-0.002556
-0.003043
-0.002759
-0.001687
-0.000108
0.001511
0.002678
0.003043
0.003273
0.003114
0.002304
0.002519
0.002414
0.002262
0.001432
0.000180
-0.001111
-0.002059
-0.002414
-0.002158
-0.001976
-0.001537
-0.001374
-0.001624
-0.001682
-0.001740
-0.001361
-0.000589
0.000374
0.001240
0.001740
0.001711
0.001710
0.001467
0.000632
0.000875
0.000961
0.001135
0.000944
0.000471
-0.000131
-0.000681
-0.001035
-0.001135
-0.001177
-0.001100
-0.000741
-0.000664
-0.000546
-0.000331
-0.000049
0.000240
0.000462
0.000546
0.000451
0.000172
0.000024
-0.000192
-0.000928
-0.000765
-0.000581
-0.000238
0.000111
0.000404
0.000576
0.000581
0.000415
0.000126
-0.000043
-0.000251
0.000389
0.000706
0.000902
0.001223
0.001236
0.000916
0.000350
-0.000300
-0.000867
-0.001236
-0.001435
-0.001524
-0.002121
-0.002124
-0.001931
-0.001571
-0.000820
0.000162
0.001112
0.001761
0.001931
0.001617
0.001418
0.001017
0.001669
0.002130
0.002311
0.002584
0.002208
0.001227
-0.000091
-0.001370
-0.002265
-0.002584
-0.002750
-0.002641
-0.003086
-0.003313
-0.003187
-0.002935
-0.001928
-0.000382
0.001282
0.002591
0.003187
0.002983
0.002836
0.002338
0.003003
0.003518
0.003616
0.003727
0.002903
0.001279
-0.000704
-0.002480
-0.003565
-0.003727
-0.003799
-0.003450
-0.003737
-0.004211
-0.004204
-0.004146
-0.003013
-0.001043
0.001228
0.003151
0.004204
0.004204
0.004165
0.003648
0.004221
0.004724
0.004694
0.004571
0.003296
0.001100
-0.001420
-0.003544
-0.004694
-0.004635
-0.004571
-0.003973
-0.004112
-0.004829
-0.004968
-0.005151
-0.004008
-0.001765
0.000968
0.003409
0.004896
0.005151
0.005254
0.004778
0.005272
0.005707
0.005528
0.005138
0.003456
0.000805
-0.002095
-0.004415
-0.005528
-0.005219
-0.005006
-0.004179
-0.004179
-0.005102
-0.005387
-0.005816
-0.004752
-0.002391
0.000631
0.003449
0.005298
0.005816
0.006069
0.005679
0.006002
0.006341
0.006021
0.005385
0.003397
0.000451
-0.002649
-0.005018
-0.006021
-0.005481
-0.005129
-0.004125
-0.004020
-0.005085
-0.005495
-0.006131
-0.005202
-0.002859
0.000271
0.003295
0.005389
0.006131
0.006514
0.006228
0.006345
0.006575
0.006141
0.005311
0.003150
0.000098
-0.003012
-0.005294
-0.006141
-0.005425
-0.004967
-0.003861
-0.003663
-0.004787
-0.005281
-0.006055
-0.005293
-0.003100
-0.000055
0.002975
0.005162
0.006055
0.006527
0.006348
0.006241
0.006374
0.005878
0.004946
0.002775
-0.000184
-0.003121
-0.005202
-0.005878
-0.005070
-0.004556
-0.003437
-0.003185
-0.004274
-0.004794
-0.005614
-0.005023
-0.003080
-0.000292
0.002550
0.004667
0.005614
0.006123
0.006031
0.005704
0.005762
0.005258
0.004324
0.002306
-0.000368
-0.002966
-0.004749
-0.005258
-0.004451
-0.003939
-0.002901
-0.002599
-0.003563
-0.004052
-0.004821
-0.004392
-0.002787
-0.000417
0.002048
0.003928
0.004821
0.005305
0.005275
0.004749
0.004758
0.004307
0.003480
0.001776
-0.000435
-0.002544
-0.003954
-0.004307
-0.003599
-0.003148
-0.002277
-0.001942
-0.002700
-0.003101
-0.003728
-0.003445
-0.002243
-0.000423
0.001501
0.002993
0.003728
0.004131
0.004132
0.003440
0.003432
0.003087
0.002465
0.001213
-0.000389
-0.001893
-0.002873
-0.003087
-0.002559
-0.002217
-0.001585
-0.001226
-0.001715
-0.001988
-0.002402
-0.002250
-0.001500
-0.000332
0.000924
0.001910
0.002402
0.002678
0.002685
0.002049
0.002290
0.002553
0.003047
0.003602
0.004160
0.004681
0.005138
0.005502
0.005750
0.005866
0.005836
0.005652
0.005316
0.004830
0.004206
0.003460
0.002611
0.001684
0.000706
-0.000292
-0.001282
-0.002231
-0.003113
-0.003899
-0.004622
-0.005164
-0.005542
-0.005770
-0.005866
-0.005792
-0.005664
-0.005470
-0.005203
-0.004375
-0.003504
-0.002558
-0.001558
-0.000817
-0.000558
0.001159
0.001525
0.001645
0.001809
0.001446
0.000632
-0.000344
-0.001183
-0.001698
-0.001809
-0.001800
-0.001648
-0.001804
-0.001997
-0.002133
-0.002158
-0.001777
-0.001001
0.000036
0.001132
0.001864
0.002158
0.002302
0.002199
0.002509
0.002518
0.002284
0.001837
0.000979
-0.000172
-0.001216
-0.001958
-0.002284
-0.002205
-0.002059
-0.001854
-0.001893
-0.002102
-0.002252
-0.002346
-0.002034
-0.001297
-0.000245
0.000932
0.001840
0.002346
0.002614
0.002639
0.002674
0.002645
0.002373
0.001860
0.000943
-0.000245
-0.001308
-0.002054
-0.002373
-0.002285
-0.002137
-0.001930
-0.001953
-0.002153
-0.002295
-0.002364
-0.002027
-0.001269
-0.000204
0.000977
0.001874
0.002364
0.002621
0.002637
0.002541
0.002548
0.002315
0.001868
0.001013
-0.000142
-0.001197
-0.001959
-0.002315
-0.002272
-0.002139
-0.001951
-0.001920
-0.002094
-0.002214
-0.002227
-0.001853
-0.001094
-0.000065
0.001046
0.001839
0.002227
0.002425
0.002391
0.001848
0.002030
0.001932
0.002014
0.001180
0.000099
-0.000891
-0.001630
-0.002006
-0.002014
-0.001907
-0.001751
-0.001667
-0.001803
-0.001894
-0.001860
-0.001483
-0.000777
0.000151
0.001149
0.001894
0.001791
0.001862
0.001673
0.000990
0.001368
0.001421
0.001541
0.001352
0.000394
-0.000468
-0.001127
-0.001488
-0.001541
-0.001465
-0.001351
-0.001015
-0.001106
-0.001166
-0.001099
-0.000762
-0.000166
0.000618
0.001024
0.001166
0.001034
0.000863
0.000306
-0.000153
-0.000030
0.000061
0.000217
0.000281
0.000241
0.000116
-0.000046
-0.000193
-0.000281
-0.000332
-0.000348
-0.000382
-0.000349
-0.000290
-0.000184
-0.000035
0.000121
0.000240
0.000290
0.000259
0.000166
0.000107
0.000028
-0.000027
0.000036
0.000087
0.000166
0.000206
0.000187
0.000111
-0.000001
-0.000116
-0.000206
-0.000257
-0.000290
-0.000177
-0.000149
-0.000113
-0.000048
0.000024
0.000083
0.000113
0.000101
0.000052
-0.000015
-0.000058
-0.000104
-0.000140
-0.000112
-0.000080
-0.000029
0.000024
0.000063
0.000080
0.000075
0.000052
0.000019
0.000001
-0.000018
0.000142
0.000148
0.000144
0.000140
0.000110
0.000061
-0.000000
-0.000062
-0.000114
-0.000144
-0.000163
-0.000172
-0.000223
-0.000235
-0.000232
-0.000225
-0.000179
-0.000100
0.000001
0.000103
0.000187
0.000232
0.000259
0.000268
0.000399
0.000372
0.000321
0.000233
0.000096
-0.000057
-0.000193
-0.000285
-0.000321
-0.000300
-0.000285
-0.000251
-0.000264
-0.000320
-0.000353
-0.000404
-0.000383
-0.000283
-0.000116
0.000085
0.000273
0.000404
0.000481
0.000526
0.000759
0.000653
0.000527
0.000389
0.000016
-0.000227
-0.000419
-0.000523
-0.000527
-0.000445
-0.000393
-0.000315
-0.000952
-0.001013
-0.001060
-0.001117
-0.001106
-0.000988
-0.000754
0.000071
0.000728
0.001117
0.001514
0.002028
0.002708
0.002045
0.001534
0.001000
0.000141
-0.000930
-0.001290
-0.001534
-0.001512
-0.001283
-0.001183
-0.000996
-0.001072
-0.001288
-0.001407
-0.001679
-0.001718
-0.001457
-0.001066
0.000133
0.001102
0.001718
0.002301
0.003061
0.002868
0.003157
0.002296
0.001602
0.000543
-0.000721
-0.002028
-0.002296
-0.002229
-0.001904
-0.001763
-0.001512
-0.001342
-0.001723
-0.001933
-0.002341
-0.002465
-0.002269
-0.000826
0.000556
0.001708
0.002465
0.003396
0.003079
0.003247
0.003571
0.002589
0.001785
0.000571
-0.000878
-0.002389
-0.002589
-0.002453
-0.002017
-0.001793
-0.001387
-0.001373
-0.001807
-0.002049
-0.002517
-0.002675
-0.002482
-0.000930
0.000567
0.001829
0.002675
0.003697
0.003379
0.003461
0.003769
0.002722
0.001847
0.000554
-0.000969
-0.002541
-0.002722
-0.002544
-0.002049
-0.001793
-0.001336
-0.001283
-0.001755
-0.002021
-0.002532
-0.002726
-0.002557
-0.000987
0.000539
0.001839
0.002726
0.003780
0.003481
0.003440
0.003728
0.002685
0.001804
0.000520
-0.000984
-0.002526
-0.002685
-0.002485
-0.001970
-0.001702
-0.001229
-0.001174
-0.001638
-0.001900
-0.002404
-0.002602
-0.002451
-0.000958
0.000499
0.001746
0.002602
0.003614
0.003338
0.003178
0.003439
0.002477
0.001664
0.000476
-0.000911
-0.002333
-0.002477
-0.002289
-0.001808
-0.001557
-0.001115
-0.001061
-0.001469
-0.001699
-0.002144
-0.002314
-0.002172
-0.000844
0.000452
0.001560
0.002314
0.003209
0.002962
0.003187
0.002354
0.001728
0.001039
0.000029
-0.001169
-0.001516
-0.001728
-0.001612
-0.001254
-0.001098
-0.000836
-0.000753
-0.000989
-0.001129
-0.001450
-0.001553
-0.001360
-0.001045
0.000032
