----BEGIN_SCAN_1----
0.021890
0.022200
0.022500
0.023090
0.023660
0.024160
0.024590
0.024940
0.025190
0.025320
0.025350
0.025270
0.025060
0.024740
0.024290
0.023730
0.023050
0.022260
0.021380
0.020400
0.019360
0.018240
0.017090
0.015890
0.014560
0.013250
0.011960
0.010700
0.010020
0.009470
----END_SCAN----
----BEGIN_SCAN_2----
0.023940
0.024200
0.024460
0.024960
0.025450
0.025860
0.026240
0.026540
0.026760
0.026910
0.026970
0.026940
0.026820
0.026620
0.026340
0.025970
0.025520
0.025000
0.024410
0.023760
0.023060
0.022320
0.021550
0.020750
0.019940
0.019120
0.018310
0.017500
0.017100
0.016700
----END_SCAN----
----BEGIN_SCAN_3----
0.001620
0.001550
0.001490
0.001400
0.001360
0.001430
0.001650
0.002660
0.003930
0.005530
0.007470
0.009710
0.011610
0.013670
0.015780
0.017880
0.019920
0.021930
0.023730
0.025300
0.026590
0.027550
0.028100
0.028310
0.028180
0.027710
0.026910
0.025800
0.025240
0.024570
----END_SCAN----
----BEGIN_SCAN_4----
0.025880
0.026070
0.026280
0.026720
0.027250
0.027860
0.028540
0.029300
0.030110
0.030970
0.031860
0.032780
0.033710
0.034630
0.035520
0.036380
0.037180
0.037920
0.038570
0.039130
0.039580
0.039910
0.040130
0.040220
0.040170
0.040010
0.039710
0.039290
0.039080
0.038840
----END_SCAN----
----BEGIN_SCAN_5----
0.029960
0.030100
0.030280
0.030630
0.031140
0.031750
0.032430
0.033180
0.033960
0.034760
0.035550
0.036320
0.037040
0.037700
0.038280
0.038770
0.039170
0.039450
0.039620
0.039660
0.039590
0.039390
0.039080
0.038650
0.038120
0.037490
0.036780
0.035990
0.035600
0.035180
----END_SCAN----
----BEGIN_SCAN_6----
0.025610
0.026070
0.026570
0.027550
0.028640
0.029800
0.031000
0.032210
0.033410
0.034570
0.035670
0.036670
0.037550
0.038300
0.038900
0.039330
0.039580
0.039650
0.039540
0.039230
0.038750
0.038110
0.037310
0.036370
0.035330
0.034180
0.032950
0.031670
0.031020
0.030360
----END_SCAN----
